 &plot nbnd=  28, nks=   121 /
            0.000000  0.000000  0.000000
  -83.921  -50.032  -49.940  -49.940  -10.942  -10.133   -0.639    0.624    0.624    2.588
    2.588    2.665    2.804    2.956    2.956    4.646    4.646    8.792   10.560   13.761
   13.761   14.382   16.022   16.104   16.104   18.750   18.750   19.274
            0.000000  0.000000  0.034479
  -83.921  -50.032  -49.940  -49.940  -10.942  -10.134   -0.635    0.624    0.624    2.588
    2.588    2.659    2.802    2.956    2.956    4.646    4.646    8.802   10.561   13.763
   13.763   14.370   16.016   16.107   16.107   18.743   18.743   19.286
            0.000000  0.000000  0.068957
  -83.921  -50.032  -49.940  -49.940  -10.940  -10.137   -0.624    0.624    0.624    2.588
    2.588    2.640    2.798    2.954    2.954    4.647    4.647    8.833   10.564   13.767
   13.767   14.332   15.997   16.113   16.113   18.722   18.722   19.322
            0.000000  0.000000  0.103436
  -83.921  -50.032  -49.940  -49.940  -10.936  -10.141   -0.605    0.625    0.625    2.588
    2.588    2.608    2.793    2.952    2.952    4.649    4.649    8.882   10.568   13.775
   13.775   14.273   15.966   16.123   16.123   18.689   18.689   19.376
            0.000000  0.000000  0.137914
  -83.921  -50.032  -49.940  -49.940  -10.931  -10.148   -0.579    0.625    0.625    2.563
    2.588    2.588    2.789    2.949    2.949    4.651    4.651    8.950   10.573   13.785
   13.785   14.193   15.926   16.138   16.138   18.647   18.647   19.445
            0.000000  0.000000  0.172393
  -83.921  -50.032  -49.940  -49.940  -10.926  -10.156   -0.547    0.626    0.626    2.506
    2.588    2.588    2.785    2.946    2.946    4.654    4.654    9.032   10.579   13.798
   13.798   14.098   15.877   16.155   16.155   18.600   18.600   19.522
            0.000000  0.000000  0.206872
  -83.921  -50.032  -49.940  -49.940  -10.919  -10.165   -0.510    0.627    0.627    2.440
    2.588    2.588    2.782    2.942    2.942    4.657    4.657    9.127   10.586   13.813
   13.813   13.990   15.822   16.174   16.174   18.551   18.551   19.433
            0.000000  0.000000  0.241350
  -83.921  -50.032  -49.940  -49.940  -10.912  -10.174   -0.468    0.628    0.628    2.368
    2.588    2.588    2.779    2.938    2.938    4.660    4.660    9.232   10.591   13.829
   13.829   13.874   15.764   16.195   16.195   18.504   18.504   19.329
            0.000000  0.000000  0.275829
  -83.921  -50.032  -49.940  -49.940  -10.904  -10.185   -0.424    0.629    0.629    2.293
    2.588    2.588    2.778    2.934    2.934    4.663    4.663    9.344   10.596   13.756
   13.845   13.845   15.706   16.217   16.217   18.463   18.463   19.220
            0.000000  0.000000  0.310307
  -83.921  -50.032  -49.940  -49.940  -10.896  -10.195   -0.378    0.630    0.630    2.217
    2.588    2.588    2.776    2.930    2.930    4.666    4.666    9.457   10.598   13.638
   13.862   13.862   15.649   16.238   16.238   18.430   18.430   19.109
            0.000000  0.000000  0.344786
  -83.921  -50.032  -49.940  -49.940  -10.889  -10.204   -0.334    0.631    0.631    2.145
    2.588    2.588    2.775    2.926    2.926    4.669    4.669    9.569   10.598   13.527
   13.877   13.877   15.596   16.257   16.257   18.408   18.408   18.999
            0.000000  0.000000  0.379265
  -83.921  -50.032  -49.940  -49.940  -10.882  -10.213   -0.293    0.632    0.632    2.080
    2.588    2.588    2.774    2.923    2.923    4.671    4.671    9.674   10.594   13.426
   13.891   13.891   15.550   16.275   16.275   18.400   18.400   18.893
            0.000000  0.000000  0.413743
  -83.921  -50.032  -49.940  -49.940  -10.877  -10.221   -0.257    0.633    0.633    2.025
    2.588    2.588    2.773    2.920    2.920    4.674    4.674    9.767   10.587   13.341
   13.903   13.903   15.512   16.289   16.289   18.406   18.406   18.794
            0.000000  0.000000  0.448222
  -83.921  -50.032  -49.940  -49.940  -10.872  -10.226   -0.230    0.633    0.633    1.983
    2.588    2.588    2.773    2.918    2.918    4.675    4.675    9.840   10.579   13.276
   13.912   13.912   15.483   16.299   16.299   18.425   18.425   18.707
            0.000000  0.000000  0.482700
  -83.921  -50.032  -49.940  -49.940  -10.870  -10.230   -0.212    0.633    0.633    1.956
    2.588    2.588    2.773    2.916    2.916    4.676    4.676    9.889   10.573   13.236
   13.917   13.917   15.466   16.305   16.305   18.452   18.452   18.637
            0.000000  0.000000  0.517179
  -83.921  -50.032  -49.940  -49.940  -10.869  -10.231   -0.206    0.633    0.633    1.947
    2.588    2.588    2.773    2.916    2.916    4.676    4.676    9.905   10.570   13.222
   13.919   13.919   15.460   16.308   16.308   18.469   18.469   18.606
            0.038683 -0.067000  0.517179
  -83.921  -50.032  -49.940  -49.940  -10.860  -10.227   -0.196    0.609    0.637    1.975
    2.525    2.539    2.703    2.952    3.003    4.637    4.669    9.948   10.636   13.210
   13.863   13.949   15.430   16.217   16.335   18.193   18.221   18.838
            0.077365 -0.134001  0.517179
  -83.921  -50.032  -49.941  -49.940  -10.834  -10.215   -0.167    0.542    0.646    2.051
    2.325    2.426    2.672    3.024    3.104    4.531    4.647   10.067   10.824   13.170
   13.710   14.045   15.343   15.973   16.416   17.875   17.939   19.083
            0.116048 -0.201001  0.517179
  -83.921  -50.032  -49.941  -49.941  -10.792  -10.197   -0.122    0.450    0.660    2.065
    2.152    2.284    2.666    3.094    3.173    4.385    4.609   10.238   11.106   13.093
   13.501   14.213   15.209   15.637   16.546   17.631   17.697   19.301
            0.154731 -0.268001  0.517179
  -83.921  -50.032  -49.942  -49.941  -10.736  -10.172   -0.065    0.349    0.675    1.788
    2.120    2.258    2.665    3.146    3.209    4.239    4.557   10.428   11.444   12.986
   13.281   14.447   15.043   15.265   16.707   17.492   17.525   19.485
            0.193413 -0.335002  0.517179
  -83.921  -50.032  -49.942  -49.941  -10.666  -10.143   -0.005    0.251    0.686    1.523
    1.947    2.341    2.666    3.169    3.214    4.131    4.494   10.596   11.794   12.873
   13.090   14.701   14.871   14.931   16.825   17.469   17.501   19.622
            0.232096 -0.402002  0.517179
  -83.921  -50.032  -49.943  -49.941  -10.586  -10.111    0.041    0.164    0.686    1.300
    1.763    2.378    2.671    3.168    3.188    4.084    4.426   10.710   12.072   12.831
   12.950   14.514   14.716   15.096   16.814   17.565   17.710   19.704
            0.270779 -0.469002  0.517179
  -83.921  -50.032  -49.943  -49.941  -10.499  -10.077    0.046    0.092    0.677    1.148
    1.575    2.353    2.680    3.132    3.164    4.096    4.361   10.755   12.145   12.863
   12.995   14.226   14.600   15.404   16.735   17.770   18.089   19.737
            0.309461 -0.536003  0.517179
  -83.921  -50.032  -49.944  -49.942  -10.409  -10.044   -0.012    0.040    0.677    1.071
    1.391    2.271    2.694    3.050    3.169    4.142    4.306   10.744   12.063   12.811
   13.319   13.998   14.533   15.672   16.656   18.052   18.558   19.746
            0.348144 -0.603003  0.517179
  -83.921  -50.032  -49.944  -49.942  -10.319  -10.013   -0.116    0.009    0.693    1.042
    1.217    2.151    2.711    2.954    3.180    4.202    4.265   10.701   11.953   12.776
   13.662   13.865   14.510   15.868   16.604   18.345   19.073   19.781
            0.386827 -0.670003  0.517179
  -83.921  -50.031  -49.945  -49.942  -10.232   -9.986   -0.227   -0.000    0.699    1.042
    1.063    2.013    2.714    2.872    3.188    4.239    4.257   10.651   11.866   12.751
   13.714   14.097   14.515   15.976   16.584   18.560   19.591   19.887
            0.425509 -0.737004  0.517179
  -83.921  -50.031  -49.945  -49.943  -10.154   -9.965   -0.312    0.008    0.667    0.938
    1.060    1.870    2.659    2.864    3.189    4.226    4.295   10.612   11.822   12.738
   13.702   14.438   14.534   15.996   16.590   18.671   20.018   20.044
            0.464192 -0.804004  0.517179
  -83.921  -50.031  -49.945  -49.943  -10.086   -9.950   -0.356    0.029    0.591    0.851
    1.083    1.726    2.578    2.908    3.183    4.225    4.310   10.593   11.832   12.740
   13.747   14.560   14.731   15.942   16.601   18.724   19.966   20.084
            0.502875 -0.871004  0.517179
  -83.921  -50.031  -49.945  -49.944  -10.031   -9.942   -0.350    0.051    0.481    0.814
    1.096    1.587    2.512    2.966    3.169    4.231    4.300   10.601   11.899   12.757
   13.843   14.590   14.928   15.843   16.578   18.766   19.645   20.044
            0.541557 -0.938005  0.517179
  -83.921  -50.031  -49.945  -49.944   -9.990   -9.941   -0.293    0.067    0.348    0.832
    1.091    1.454    2.471    3.026    3.150    4.245    4.270   10.633   12.015   12.790
   13.973   14.622   14.978   15.740   16.477   18.845   19.303   19.905
            0.580240 -1.005005  0.517179
  -83.921  -50.031  -49.945  -49.944   -9.964   -9.946   -0.198    0.074    0.214    0.901
    1.069    1.330    2.451    3.079    3.125    4.230    4.263   10.683   12.168   12.838
   14.110   14.638   14.856   15.674   16.281   19.006   19.018   19.711
            0.580240 -1.011495  0.494193
  -83.921  -50.031  -49.945  -49.944   -9.962   -9.946   -0.191    0.075    0.205    0.908
    1.066    1.321    2.451    3.083    3.123    4.228    4.264   10.686   12.184   12.838
   14.118   14.639   14.842   15.673   16.265   18.999   19.024   19.675
            0.580240 -1.017984  0.471207
  -83.921  -50.031  -49.945  -49.945   -9.961   -9.947   -0.186    0.078    0.195    0.915
    1.063    1.313    2.450    3.086    3.121    4.226    4.265   10.689   12.206   12.831
   14.122   14.640   14.829   15.673   16.251   18.982   19.041   19.611
            0.580240 -1.024474  0.448222
  -83.921  -50.031  -49.945  -49.945   -9.961   -9.947   -0.181    0.083    0.185    0.922
    1.059    1.307    2.450    3.089    3.119    4.225    4.265   10.691   12.232   12.817
   14.124   14.644   14.818   15.676   16.239   18.967   19.058   19.537
            0.580240 -1.030964  0.425236
  -83.921  -50.031  -49.945  -49.945   -9.960   -9.947   -0.177    0.090    0.174    0.929
    1.055    1.301    2.449    3.091    3.118    4.225    4.264   10.692   12.261   12.798
   14.124   14.650   14.808   15.679   16.229   18.953   19.075   19.467
            0.580240 -1.037454  0.402250
  -83.921  -50.031  -49.945  -49.945   -9.960   -9.947   -0.174    0.098    0.163    0.936
    1.050    1.297    2.449    3.094    3.116    4.224    4.264   10.693   12.290   12.777
   14.123   14.656   14.799   15.682   16.222   18.942   19.092   19.407
            0.580240 -1.043944  0.379265
  -83.921  -50.031  -49.945  -49.945   -9.959   -9.947   -0.172    0.107    0.153    0.940
    1.047    1.294    2.449    3.095    3.115    4.224    4.263   10.693   12.313   12.759
   14.121   14.662   14.793   15.685   16.218   18.934   19.106   19.362
            0.580240 -1.050433  0.356279
  -83.921  -50.031  -49.945  -49.945   -9.959   -9.947   -0.172    0.113    0.146    0.943
    1.045    1.292    2.449    3.096    3.114    4.224    4.263   10.694   12.326   12.749
   14.120   14.665   14.789   15.686   16.216   18.930   19.115   19.337
            0.580240 -1.056923  0.333293
  -83.921  -50.031  -49.945  -49.945   -9.959   -9.947   -0.172    0.113    0.146    0.943
    1.045    1.292    2.449    3.096    3.114    4.224    4.263   10.694   12.326   12.749
   14.120   14.665   14.789   15.686   16.216   18.930   19.115   19.337
            0.580240 -1.063413  0.310307
  -83.921  -50.031  -49.945  -49.945   -9.959   -9.947   -0.172    0.107    0.153    0.940
    1.047    1.294    2.449    3.095    3.115    4.224    4.263   10.693   12.313   12.759
   14.121   14.662   14.793   15.685   16.218   18.934   19.106   19.362
            0.580240 -1.069903  0.287322
  -83.921  -50.031  -49.945  -49.945   -9.960   -9.947   -0.174    0.098    0.163    0.936
    1.050    1.297    2.449    3.094    3.116    4.224    4.264   10.693   12.290   12.777
   14.123   14.656   14.799   15.682   16.222   18.942   19.092   19.407
            0.580240 -1.076393  0.264336
  -83.921  -50.031  -49.945  -49.945   -9.960   -9.947   -0.177    0.090    0.174    0.929
    1.055    1.301    2.449    3.091    3.118    4.225    4.264   10.692   12.261   12.798
   14.124   14.650   14.808   15.679   16.229   18.953   19.075   19.467
            0.580240 -1.082882  0.241350
  -83.921  -50.031  -49.945  -49.945   -9.961   -9.947   -0.181    0.083    0.185    0.922
    1.059    1.307    2.450    3.089    3.119    4.225    4.265   10.691   12.232   12.817
   14.124   14.644   14.818   15.676   16.239   18.967   19.058   19.537
            0.580240 -1.089372  0.218364
  -83.921  -50.031  -49.945  -49.945   -9.961   -9.947   -0.186    0.078    0.195    0.915
    1.063    1.313    2.450    3.086    3.121    4.226    4.265   10.689   12.206   12.831
   14.122   14.640   14.829   15.673   16.251   18.982   19.041   19.611
            0.580240 -1.095862  0.195379
  -83.921  -50.031  -49.945  -49.944   -9.962   -9.946   -0.191    0.075    0.205    0.908
    1.066    1.321    2.451    3.083    3.123    4.228    4.264   10.686   12.184   12.838
   14.118   14.639   14.842   15.673   16.265   18.999   19.024   19.675
            0.580240 -1.102352  0.172393
  -83.921  -50.031  -49.945  -49.944   -9.964   -9.946   -0.198    0.074    0.214    0.901
    1.069    1.330    2.451    3.079    3.125    4.230    4.263   10.683   12.168   12.838
   14.110   14.638   14.856   15.674   16.281   19.006   19.018   19.711
            0.602391 -1.063984  0.172393
  -83.921  -50.031  -49.945  -49.945   -9.954   -9.951   -0.148    0.075    0.162    0.957
    1.050    1.264    2.448    3.104    3.109    4.208    4.275   10.714   12.264   12.875
   14.172   14.626   14.720   15.669   16.146   18.890   19.141   19.601
            0.624543 -1.025617  0.172393
  -83.921  -50.031  -49.945  -49.945   -9.958   -9.949   -0.140    0.077    0.166    1.018
    1.029    1.206    2.450    3.090    3.125    4.189    4.287   10.743   12.358   12.920
   14.198   14.564   14.585   15.700   16.019   18.784   19.291   19.519
            0.646694 -0.987249  0.172393
  -83.921  -50.031  -49.945  -49.944   -9.965   -9.947   -0.185    0.079    0.239    1.007
    1.064    1.172    2.453    3.069    3.139    4.177    4.298   10.764   12.444   12.976
   14.127   14.457   14.504   15.774   15.923   18.697   19.346   19.577
            0.668846 -0.948882  0.172393
  -83.921  -50.031  -49.945  -49.944   -9.974   -9.948   -0.254    0.083    0.349    0.986
    1.049    1.205    2.459    3.045    3.148    4.174    4.309   10.772   12.513   13.046
   13.938   14.385   14.438   15.865   15.890   18.626   19.299   19.778
            0.690997 -0.910514  0.172393
  -83.921  -50.031  -49.946  -49.944   -9.983   -9.951   -0.330    0.089    0.475    0.971
    1.005    1.272    2.465    3.019    3.150    4.182    4.318   10.764   12.554   13.132
   13.709   14.238   14.454   15.841   16.046   18.573   19.257   20.012
            0.713149 -0.872147  0.172393
  -83.921  -50.031  -49.946  -49.944   -9.993   -9.957   -0.404    0.096    0.600    0.959
    0.970    1.341    2.470    2.990    3.146    4.202    4.326   10.734   12.551   13.238
   13.490   14.083   14.481   15.834   16.235   18.544   19.233   20.257
            0.735300 -0.833779  0.172393
  -83.921  -50.031  -49.946  -49.943  -10.002   -9.963   -0.475    0.105    0.699    0.915
    1.005    1.407    2.473    2.959    3.135    4.234    4.331   10.684   12.487   13.313
   13.362   13.932   14.517   15.828   16.452   18.544   19.229   20.504
            0.757452 -0.795412  0.172393
  -83.921  -50.031  -49.946  -49.943  -10.011   -9.970   -0.540    0.116    0.747    0.876
    1.098    1.467    2.474    2.928    3.119    4.276    4.335   10.615   12.356   13.195
   13.506   13.797   14.560   15.810   16.691   18.578   19.244   20.743
            0.779603 -0.757044  0.172393
  -83.921  -50.031  -49.946  -49.943  -10.019   -9.977   -0.598    0.126    0.758    0.841
    1.232    1.519    2.470    2.897    3.097    4.326    4.336   10.533   12.182   13.124
   13.661   13.688   14.606   15.770   16.946   18.650   19.272   20.962
            0.801755 -0.718677  0.172393
  -83.921  -50.031  -49.946  -49.942  -10.027   -9.984   -0.648    0.137    0.753    0.810
    1.381    1.563    2.461    2.868    3.071    4.336    4.379   10.445   11.994   13.081
   13.586   13.842   14.651   15.703   17.213   18.759   19.308   21.083
            0.823906 -0.680309  0.172393
  -83.921  -50.031  -49.946  -49.942  -10.033   -9.990   -0.689    0.147    0.744    0.785
    1.530    1.598    2.445    2.843    3.043    4.335    4.433   10.359   11.818   13.052
   13.513   14.025   14.693   15.610   17.483   18.904   19.340   20.932
            0.846058 -0.641942  0.172393
  -83.921  -50.031  -49.946  -49.942  -10.039   -9.996   -0.722    0.156    0.735    0.766
    1.624    1.669    2.421    2.823    3.015    4.333    4.481   10.283   11.669   13.031
   13.458   14.210   14.729   15.496   17.744   19.077   19.358   20.719
            0.868209 -0.603574  0.172393
  -83.921  -50.031  -49.946  -49.942  -10.043  -10.000   -0.746    0.163    0.728    0.752
    1.643    1.790    2.390    2.807    2.992    4.331    4.519   10.223   11.555   13.016
   13.421   14.386   14.755   15.371   17.977   19.266   19.350   20.485
            0.890361 -0.565207  0.172393
  -83.921  -50.031  -49.946  -49.942  -10.045  -10.002   -0.760    0.167    0.723    0.743
    1.654    1.877    2.360    2.798    2.976    4.329    4.544   10.185   11.485   13.008
   13.399   14.529   14.771   15.258   18.150   19.324   19.444   20.276
            0.912512 -0.526839  0.172393
  -83.921  -50.031  -49.947  -49.942  -10.046  -10.003   -0.765    0.169    0.722    0.740
    1.657    1.910    2.346    2.795    2.970    4.329    4.552   10.172   11.461   13.005
   13.392   14.590   14.777   15.207   18.216   19.309   19.532   20.178
            0.851678 -0.491717  0.160900
  -83.921  -50.031  -49.946  -49.942  -10.075   -9.986   -0.740    0.165    0.722    0.742
    1.658    1.906    2.357    2.807    2.978    4.322    4.550   10.187   11.469   13.034
   13.406   14.597   14.671   15.276   18.204   19.141   19.520   20.093
            0.790844 -0.456594  0.149407
  -83.921  -50.031  -49.946  -49.942  -10.130   -9.969   -0.668    0.159    0.713    0.744
    1.673    1.897    2.384    2.843    2.999    4.302    4.544   10.231   11.492   13.120
   13.446   14.465   14.616   15.372   18.163   18.785   19.428   19.879
            0.730010 -0.421471  0.137914
  -83.921  -50.031  -49.946  -49.942  -10.197   -9.961   -0.555    0.156    0.681    0.748
    1.725    1.887    2.417    2.896    3.029    4.271    4.534   10.301   11.519   13.252
   13.507   14.254   14.643   15.407   18.068   18.359   19.319   19.623
            0.669176 -0.386349  0.126422
  -83.921  -50.032  -49.945  -49.942  -10.273   -9.962   -0.411    0.163    0.627    0.750
    1.827    1.883    2.451    2.961    3.062    4.232    4.522   10.389   11.536   13.403
   13.569   14.101   14.673   15.366   17.893   17.917   19.279   19.409
            0.608342 -0.351226  0.114929
  -83.921  -50.032  -49.945  -49.942  -10.357   -9.971   -0.262    0.182    0.579    0.749
    1.891    1.972    2.482    3.029    3.092    4.189    4.509   10.479   11.532   13.474
   13.625   14.101   14.696   15.290   17.491   17.638   19.258   19.344
            0.547507 -0.316104  0.103436
  -83.921  -50.032  -49.944  -49.941  -10.443   -9.987   -0.155    0.204    0.602    0.744
    1.915    2.146    2.509    3.094    3.115    4.148    4.499   10.534   11.520   13.351
   13.741   14.262   14.698   15.267   17.100   17.342   19.097   19.504
            0.486673 -0.280981  0.091943
  -83.921  -50.032  -49.944  -49.941  -10.530  -10.006   -0.136    0.228    0.734    0.747
    1.956    2.330    2.533    3.127    3.149    4.118    4.494   10.496   11.541   13.125
   13.885   14.471   14.665   15.387   16.761   17.055   18.884   19.510
            0.425839 -0.245858  0.080450
  -83.921  -50.032  -49.943  -49.941  -10.615  -10.029   -0.195    0.273    0.719    0.986
    2.014    2.502    2.556    3.130    3.187    4.109    4.497   10.333   11.617   12.855
   14.066   14.585   14.671   15.653   16.499   16.808   18.688   19.557
            0.365005 -0.210736  0.068957
  -83.921  -50.032  -49.943  -49.941  -10.694  -10.051   -0.286    0.334    0.701    1.272
    2.089    2.573    2.649    3.125    3.202    4.135    4.510   10.078   11.665   12.646
   14.279   14.459   14.859   15.922   16.420   16.611   18.552   19.632
            0.304171 -0.175613  0.057464
  -83.921  -50.032  -49.942  -49.941  -10.766  -10.073   -0.382    0.401    0.681    1.574
    2.177    2.590    2.748    3.111    3.193    4.203    4.533    9.779   11.545   12.648
   14.302   14.490   15.046   15.945   16.457   16.734   18.489   19.707
            0.243337 -0.140490  0.045971
  -83.921  -50.032  -49.941  -49.941  -10.827  -10.093   -0.470    0.468    0.663    1.871
    2.274    2.605    2.801    3.089    3.160    4.307    4.563    9.477   11.285   12.843
   14.136   14.628   15.262   15.919   16.334   17.221   18.497   19.766
            0.182502 -0.105368  0.034479
  -83.921  -50.032  -49.941  -49.941  -10.876  -10.110   -0.542    0.530    0.647    2.146
    2.376    2.618    2.819    3.059    3.108    4.428    4.594    9.203   11.004   13.116
   13.985   14.645   15.526   15.939   16.237   17.735   18.558   19.797
            0.121668 -0.070245  0.022986
  -83.921  -50.032  -49.941  -49.940  -10.913  -10.122   -0.595    0.580    0.634    2.377
    2.473    2.629    2.817    3.021    3.044    4.540    4.621    8.984   10.769   13.402
   13.864   14.567   15.802   15.980   16.165   18.218   18.644   19.662
            0.060834 -0.035123  0.011493
  -83.921  -50.032  -49.940  -49.940  -10.935  -10.130   -0.628    0.612    0.626    2.538
    2.554    2.644    2.809    2.979    2.984    4.618    4.640    8.841   10.614   13.648
   13.787   14.450   16.009   16.022   16.120   18.596   18.719   19.385
            0.000000  0.000000  0.000000
  -83.921  -50.032  -49.940  -49.940  -10.942  -10.133   -0.639    0.624    0.624    2.588
    2.588    2.665    2.804    2.956    2.956    4.646    4.646    8.792   10.560   13.761
   13.761   14.382   16.022   16.104   16.104   18.750   18.750   19.274
            0.041493 -0.071868 -0.000000
  -83.921  -50.032  -49.940  -49.940  -10.932  -10.129   -0.624    0.608    0.627    2.521
    2.536    2.642    2.812    2.986    2.993    4.608    4.636    8.859   10.635   13.608
   13.798   14.474   15.989   16.007   16.125   18.561   18.688   19.425
            0.082986 -0.143735 -0.000000
  -83.921  -50.032  -49.941  -49.940  -10.902  -10.118   -0.580    0.564    0.637    2.315
    2.416    2.632    2.828    3.031    3.068    4.509    4.606    9.049   10.846   13.290
   13.905   14.623   15.706   15.963   16.178   18.142   18.523   19.742
            0.124478 -0.215603 -0.000000
  -83.921  -50.032  -49.941  -49.941  -10.852  -10.100   -0.509    0.501    0.651    2.036
    2.263    2.630    2.829    3.061    3.143    4.392    4.553    9.334   11.161   12.926
   14.057   14.728   15.373   15.908   16.239   17.669   18.330   19.719
            0.165971 -0.287471 -0.000000
  -83.921  -50.032  -49.942  -49.941  -10.785  -10.077   -0.414    0.428    0.664    1.725
    2.092    2.629    2.788    3.076    3.202    4.306    4.478    9.678   11.542   12.570
   14.189   14.751   15.097   15.887   16.248   17.243   18.219   19.578
            0.207464 -0.359338 -0.000000
  -83.921  -50.032  -49.942  -49.941  -10.704  -10.050   -0.301    0.356    0.664    1.419
    1.908    2.630    2.684    3.074    3.244    4.281    4.387   10.043   11.955   12.254
   14.179   14.676   14.976   15.933   16.141   16.939   18.300   19.379
            0.248957 -0.431206 -0.000000
  -83.921  -50.032  -49.943  -49.941  -10.611  -10.021   -0.182    0.292    0.635    1.159
    1.716    2.524    2.634    3.053    3.272    4.289    4.312   10.391   12.011   12.376
   14.031   14.534   14.944   15.841   16.117   16.803   18.603   19.200
            0.290450 -0.503074 -0.000000
  -83.921  -50.032  -49.944  -49.942  -10.511   -9.993   -0.082    0.243    0.564    0.988
    1.526    2.332    2.641    3.010    3.288    4.197    4.372   10.667   11.881   12.781
   13.873   14.370   14.866   15.521   16.302   16.759   19.082   19.178
            0.331943 -0.574941 -0.000000
  -83.921  -50.032  -49.944  -49.942  -10.408   -9.967   -0.056    0.211    0.517    0.893
    1.345    2.129    2.652    2.948    3.291    4.123    4.435   10.813   11.910   13.131
   13.790   14.219   14.763   15.173   16.539   16.639   19.436   19.678
            0.373435 -0.646809 -0.000000
  -83.921  -50.032  -49.945  -49.942  -10.306   -9.946   -0.126    0.198    0.568    0.818
    1.186    1.927    2.656    2.886    3.283    4.073    4.482   10.837   12.071   13.332
   13.866   14.101   14.711   14.851   16.400   16.811   19.948   20.328
            0.414928 -0.718677 -0.000000
  -83.921  -50.031  -49.945  -49.943  -10.212   -9.930   -0.222    0.198    0.657    0.745
    1.061    1.733    2.629    2.863    3.266    4.049    4.502   10.812   12.260   13.383
   14.032   14.049   14.595   14.779   16.116   17.114   20.563   20.911
            0.456421 -0.790544 -0.000000
  -83.921  -50.031  -49.945  -49.943  -10.128   -9.922   -0.288    0.203    0.587    0.812
    0.986    1.550    2.571    2.893    3.241    4.047    4.491   10.786   12.392   13.389
   14.021   14.186   14.440   14.980   15.876   17.444   20.879   21.061
            0.497914 -0.862412 -0.000000
  -83.921  -50.031  -49.945  -49.944  -10.059   -9.921   -0.300    0.201    0.441    0.910
    0.972    1.381    2.513    2.951    3.211    4.065    4.451   10.773   12.427   13.360
   14.064   14.280   14.403   15.224   15.769   17.796   20.480   20.659
            0.539407 -0.934280 -0.000000
  -83.921  -50.031  -49.945  -49.944  -10.005   -9.928   -0.253    0.188    0.274    0.984
    1.015    1.235    2.472    3.016    3.178    4.102    4.390   10.767   12.387   13.252
   14.132   14.379   14.469   15.432   15.830   18.166   19.963   20.031
            0.580900 -1.006147 -0.000000
  -83.921  -50.031  -49.945  -49.945   -9.968   -9.941   -0.162    0.114    0.167    1.028
    1.034    1.182    2.452    3.073    3.140    4.156    4.321   10.750   12.333   13.041
   14.169   14.515   14.606   15.618   15.967   18.547   19.476   19.548
            0.622392 -1.078015 -0.000000
  -83.921  -50.031  -49.945  -49.945   -9.959   -9.947   -0.171    0.114    0.145    0.943
    1.045    1.292    2.449    3.096    3.114    4.224    4.263   10.694   12.327   12.747
   14.120   14.666   14.789   15.686   16.215   18.929   19.117   19.334
            0.619582 -1.076393  0.022986
  -83.921  -50.031  -49.945  -49.945   -9.959   -9.947   -0.167    0.108    0.147    0.946
    1.045    1.287    2.449    3.098    3.113    4.222    4.265   10.697   12.323   12.762
   14.125   14.661   14.780   15.686   16.204   18.917   19.124   19.346
            0.616772 -1.074770  0.045971
  -83.921  -50.031  -49.945  -49.945   -9.958   -9.948   -0.163    0.100    0.150    0.949
    1.046    1.283    2.449    3.099    3.112    4.219    4.267   10.700   12.312   12.783
   14.132   14.656   14.770   15.684   16.191   18.908   19.129   19.375
            0.613962 -1.073148  0.068957
  -83.921  -50.031  -49.945  -49.945   -9.957   -9.949   -0.159    0.093    0.154    0.951
    1.047    1.278    2.449    3.101    3.111    4.216    4.269   10.704   12.299   12.807
   14.140   14.650   14.758   15.680   16.180   18.902   19.132   19.417
            0.611152 -1.071525  0.091943
  -83.921  -50.031  -49.945  -49.945   -9.956   -9.949   -0.156    0.086    0.157    0.952
    1.048    1.274    2.449    3.102    3.111    4.213    4.271   10.707   12.285   12.830
   14.149   14.644   14.747   15.677   16.170   18.899   19.133   19.468
            0.608342 -1.069903  0.114929
  -83.921  -50.031  -49.945  -49.945   -9.956   -9.950   -0.153    0.081    0.160    0.953
    1.050    1.271    2.448    3.102    3.110    4.211    4.273   10.710   12.273   12.850
   14.158   14.637   14.738   15.673   16.161   18.897   19.134   19.522
            0.605531 -1.068280  0.137914
  -83.921  -50.031  -49.945  -49.945   -9.955   -9.950   -0.151    0.077    0.162    0.954
    1.051    1.268    2.448    3.103    3.110    4.210    4.274   10.712   12.264   12.864
   14.165   14.631   14.731   15.670   16.156   18.896   19.134   19.571
            0.602721 -1.066658  0.160900
  -83.921  -50.031  -49.945  -49.945   -9.955   -9.951   -0.150    0.075    0.163    0.954
    1.051    1.267    2.448    3.103    3.110    4.209    4.274   10.713   12.260   12.872
   14.169   14.628   14.728   15.669   16.153   18.896   19.134   19.602
            0.599911 -1.065036  0.183886
  -83.921  -50.031  -49.945  -49.945   -9.955   -9.951   -0.150    0.075    0.163    0.954
    1.051    1.267    2.448    3.103    3.110    4.209    4.274   10.713   12.260   12.872
   14.169   14.628   14.728   15.669   16.153   18.896   19.134   19.602
            0.597101 -1.063413  0.206872
  -83.921  -50.031  -49.945  -49.945   -9.955   -9.950   -0.151    0.077    0.162    0.954
    1.051    1.268    2.448    3.103    3.110    4.210    4.274   10.712   12.264   12.864
   14.165   14.631   14.731   15.670   16.156   18.896   19.134   19.571
            0.594291 -1.061791  0.229857
  -83.921  -50.031  -49.945  -49.945   -9.956   -9.950   -0.153    0.081    0.160    0.953
    1.050    1.271    2.448    3.102    3.110    4.211    4.273   10.710   12.273   12.850
   14.158   14.637   14.738   15.673   16.161   18.897   19.134   19.522
            0.591481 -1.060168  0.252843
  -83.921  -50.031  -49.945  -49.945   -9.956   -9.949   -0.156    0.086    0.157    0.952
    1.048    1.274    2.449    3.102    3.111    4.213    4.271   10.707   12.285   12.830
   14.149   14.644   14.747   15.677   16.170   18.899   19.133   19.468
            0.588670 -1.058546  0.275829
  -83.921  -50.031  -49.945  -49.945   -9.957   -9.949   -0.159    0.093    0.154    0.951
    1.047    1.278    2.449    3.101    3.111    4.216    4.269   10.704   12.299   12.807
   14.140   14.650   14.758   15.680   16.180   18.902   19.132   19.417
            0.585860 -1.056923  0.298814
  -83.921  -50.031  -49.945  -49.945   -9.958   -9.948   -0.163    0.100    0.150    0.949
    1.046    1.283    2.449    3.099    3.112    4.219    4.267   10.700   12.312   12.783
   14.132   14.656   14.770   15.684   16.191   18.908   19.129   19.375
            0.583050 -1.055301  0.321800
  -83.921  -50.031  -49.945  -49.945   -9.959   -9.947   -0.167    0.108    0.147    0.946
    1.045    1.287    2.449    3.098    3.113    4.222    4.265   10.697   12.323   12.762
   14.125   14.661   14.780   15.686   16.204   18.917   19.124   19.346
            0.580240 -1.053678  0.344786
  -83.921  -50.031  -49.945  -49.945   -9.959   -9.947   -0.171    0.114    0.145    0.943
    1.045    1.292    2.449    3.096    3.114    4.224    4.263   10.694   12.327   12.747
   14.120   14.666   14.789   15.686   16.215   18.929   19.117   19.334
            0.541557 -1.053678  0.344786
  -83.921  -50.031  -49.945  -49.944   -9.969   -9.941   -0.238    0.135    0.197    0.900
    1.045    1.357    2.451    3.074    3.125    4.244    4.260   10.646   12.353   12.592
   14.060   14.713   14.886   15.675   16.388   19.025   19.106   19.304
            0.502875 -1.053678  0.344786
  -83.921  -50.031  -49.945  -49.944   -9.979   -9.939   -0.312    0.125    0.301    0.861
    1.042    1.424    2.456    3.049    3.131    4.234    4.296   10.584   12.397   12.429
   13.979   14.723   14.988   15.674   16.586   18.980   19.279   19.307
            0.464192 -1.053678  0.344786
  -83.921  -50.031  -49.945  -49.944   -9.990   -9.938   -0.387    0.115    0.419    0.828
    1.037    1.489    2.460    3.023    3.132    4.233    4.333   10.508   12.259   12.459
   13.883   14.683   15.094   15.708   16.805   18.975   19.333   19.449
            0.425509 -1.053678  0.344786
  -83.921  -50.031  -49.946  -49.944  -10.000   -9.939   -0.460    0.106    0.545    0.801
    1.030    1.551    2.465    2.996    3.128    4.243    4.368   10.419   12.087   12.535
   13.781   14.596   15.200   15.782   17.040   19.000   19.370   19.616
            0.386827 -1.053678  0.344786
  -83.921  -50.031  -49.946  -49.943  -10.011   -9.941   -0.529    0.096    0.678    0.780
    1.022    1.608    2.468    2.967    3.119    4.263    4.403   10.320   11.912   12.618
   13.684   14.479   15.303   15.889   17.289   19.048   19.409   19.779
            0.348144 -1.053678  0.344786
  -83.921  -50.031  -49.946  -49.943  -10.021   -9.945   -0.593    0.086    0.765    0.811
    1.018    1.657    2.470    2.939    3.105    4.293    4.435   10.215   11.738   12.697
   13.605   14.349   15.400   16.015   17.550   19.109   19.447   19.941
            0.309461 -1.053678  0.344786
  -83.921  -50.031  -49.946  -49.943  -10.030   -9.949   -0.652    0.076    0.755    0.924
    1.038    1.699    2.470    2.911    3.087    4.332    4.464   10.105   11.567   12.760
   13.561   14.217   15.488   16.152   17.819   19.177   19.480   20.101
            0.270779 -1.053678  0.344786
  -83.921  -50.031  -49.946  -49.943  -10.039   -9.954   -0.705    0.066    0.751    0.959
    1.137    1.733    2.465    2.885    3.066    4.378    4.490    9.996   11.403   12.792
   13.564   14.092   15.563   16.293   18.096   19.249   19.509   20.258
            0.232096 -1.053678  0.344786
  -83.921  -50.031  -49.946  -49.943  -10.047   -9.958   -0.751    0.056    0.750    0.958
    1.270    1.759    2.456    2.862    3.042    4.428    4.512    9.891   11.250   12.789
   13.616   13.978   15.623   16.431   18.375   19.323   19.537   20.409
            0.193413 -1.053678  0.344786
  -83.921  -50.031  -49.946  -49.942  -10.054   -9.963   -0.791    0.046    0.753    0.952
    1.405    1.778    2.442    2.842    3.018    4.478    4.531    9.794   11.110   12.764
   13.702   13.879   15.664   16.562   18.649   19.403   19.571   20.534
            0.154731 -1.053678  0.344786
  -83.921  -50.031  -49.946  -49.942  -10.060   -9.967   -0.824    0.038    0.757    0.945
    1.533    1.790    2.421    2.825    2.994    4.526    4.546    9.708   10.988   12.730
   13.797   13.804   15.688   16.679   18.903   19.491   19.627   20.575
            0.116048 -1.053678  0.344786
  -83.921  -50.031  -49.946  -49.942  -10.065   -9.970   -0.850    0.032    0.761    0.940
    1.650    1.798    2.394    2.812    2.973    4.558    4.568    9.637   10.888   12.697
   13.733   13.903   15.698   16.777   19.108   19.592   19.733   20.485
            0.077365 -1.053678  0.344786
  -83.921  -50.031  -49.946  -49.942  -10.068   -9.972   -0.868    0.026    0.765    0.936
    1.747    1.802    2.363    2.803    2.956    4.566    4.601    9.585   10.814   12.670
   13.687   13.986   15.697   16.852   19.233   19.706   19.916   20.336
            0.038683 -1.053678  0.344786
  -83.921  -50.031  -49.946  -49.942  -10.070   -9.974   -0.880    0.023    0.768    0.933
    1.804    1.815    2.337    2.798    2.946    4.571    4.621    9.552   10.768   12.654
   13.659   14.041   15.693   16.899   19.290   19.831   20.160   20.178
            0.000000 -1.053678  0.344786
  -83.921  -50.031  -49.946  -49.942  -10.071   -9.974   -0.883    0.022    0.769    0.932
    1.805    1.840    2.326    2.796    2.942    4.573    4.628    9.541   10.753   12.648
   13.649   14.061   15.690   16.915   19.305   19.921   20.076   20.385
