 &plot nbnd=  28, nks=   121 /
            0.000000  0.000000  0.000000
  -79.902  -46.044  -46.038  -46.038  -10.728   -9.927   -0.187    1.942    1.942    2.996
    3.154    3.154    5.430    5.430    6.092    7.260    7.260    9.254   10.832   14.213
   14.213   14.757   16.516   16.516   16.516   19.276   19.276   19.343
            0.000000  0.000000  0.034479
  -79.902  -46.044  -46.038  -46.038  -10.728   -9.928   -0.183    1.942    1.942    2.987
    3.153    3.153    5.430    5.430    6.093    7.260    7.260    9.265   10.833   14.215
   14.215   14.741   16.510   16.518   16.518   19.268   19.268   19.360
            0.000000  0.000000  0.068957
  -79.902  -46.044  -46.038  -46.038  -10.726   -9.931   -0.169    1.943    1.943    2.961
    3.152    3.152    5.430    5.430    6.094    7.261    7.261    9.297   10.836   14.220
   14.220   14.695   16.491   16.524   16.524   19.243   19.243   19.410
            0.000000  0.000000  0.103436
  -79.902  -46.044  -46.038  -46.038  -10.722   -9.936   -0.148    1.944    1.944    2.919
    3.150    3.150    5.430    5.430    6.096    7.262    7.262    9.350   10.842   14.229
   14.229   14.622   16.461   16.534   16.534   19.205   19.205   19.489
            0.000000  0.000000  0.137914
  -79.902  -46.044  -46.038  -46.038  -10.717   -9.942   -0.118    1.945    1.945    2.863
    3.147    3.147    5.430    5.430    6.099    7.263    7.263    9.422   10.849   14.240
   14.240   14.524   16.420   16.548   16.548   19.156   19.156   19.592
            0.000000  0.000000  0.172393
  -79.902  -46.044  -46.038  -46.038  -10.711   -9.950   -0.081    1.947    1.947    2.794
    3.144    3.144    5.431    5.431    6.102    7.265    7.265    9.510   10.858   14.255
   14.255   14.408   16.372   16.564   16.564   19.100   19.100   19.709
            0.000000  0.000000  0.206872
  -79.902  -46.044  -46.038  -46.038  -10.705   -9.959   -0.038    1.950    1.950    2.715
    3.140    3.140    5.431    5.431    6.106    7.267    7.267    9.613   10.867   14.271
   14.271   14.276   16.319   16.583   16.583   19.041   19.041   19.699
            0.000000  0.000000  0.241350
  -79.902  -46.044  -46.038  -46.038  -10.697   -9.969    0.011    1.952    1.952    2.630
    3.136    3.136    5.431    5.431    6.109    7.269    7.269    9.727   10.876   14.135
   14.289   14.289   16.263   16.604   16.604   18.982   18.982   19.603
            0.000000  0.000000  0.275829
  -79.902  -46.044  -46.038  -46.038  -10.690   -9.980    0.064    1.954    1.954    2.541
    3.131    3.131    5.431    5.431    6.111    7.271    7.271    9.850   10.884   13.990
   14.307   14.307   16.206   16.625   16.625   18.928   18.928   19.503
            0.000000  0.000000  0.310307
  -79.902  -46.044  -46.038  -46.038  -10.682   -9.990    0.119    1.957    1.957    2.451
    3.127    3.127    5.431    5.431    6.114    7.273    7.273    9.977   10.889   13.845
   14.326   14.326   16.151   16.647   16.647   18.882   18.882   19.402
            0.000000  0.000000  0.344786
  -79.902  -46.044  -46.038  -46.038  -10.674  -10.000    0.173    1.959    1.959    2.365
    3.123    3.123    5.431    5.431    6.116    7.275    7.275   10.104   10.891   13.706
   14.343   14.343   16.100   16.667   16.667   18.845   18.845   19.303
            0.000000  0.000000  0.379265
  -79.902  -46.044  -46.038  -46.038  -10.667  -10.009    0.225    1.961    1.961    2.286
    3.120    3.120    5.431    5.431    6.117    7.277    7.277   10.227   10.887   13.580
   14.359   14.359   16.056   16.685   16.685   18.820   18.820   19.210
            0.000000  0.000000  0.413743
  -79.902  -46.044  -46.038  -46.038  -10.662  -10.016    0.270    1.962    1.962    2.219
    3.117    3.117    5.432    5.432    6.118    7.278    7.278   10.340   10.878   13.472
   14.372   14.372   16.019   16.700   16.700   18.809   18.809   19.126
            0.000000  0.000000  0.448222
  -79.902  -46.044  -46.038  -46.038  -10.657  -10.022    0.306    1.964    1.964    2.167
    3.115    3.115    5.432    5.432    6.119    7.279    7.279   10.434   10.864   13.388
   14.382   14.382   15.992   16.711   16.711   18.809   18.809   19.054
            0.000000  0.000000  0.482700
  -79.902  -46.044  -46.038  -46.038  -10.654  -10.025    0.329    1.964    1.964    2.134
    3.114    3.114    5.432    5.432    6.120    7.280    7.280   10.501   10.848   13.335
   14.388   14.388   15.976   16.718   16.718   18.817   18.817   19.003
            0.000000  0.000000  0.517179
  -79.902  -46.044  -46.038  -46.038  -10.654  -10.027    0.337    1.965    1.965    2.122
    3.113    3.113    5.432    5.432    6.120    7.280    7.280   10.526   10.841   13.317
   14.390   14.390   15.970   16.720   16.720   18.822   18.822   18.983
            0.038683 -0.067000  0.517179
  -79.902  -46.044  -46.038  -46.038  -10.645  -10.022    0.344    1.856    1.964    2.214
    3.054    3.094    5.438    5.446    6.130    7.255    7.276   10.569   10.912   13.313
   14.335   14.423   15.934   16.628   16.745   18.552   18.574   19.199
            0.077365 -0.134001  0.517179
  -79.902  -46.044  -46.038  -46.038  -10.619  -10.010    0.365    1.685    1.961    2.335
    2.889    3.037    5.457    5.482    6.160    7.191    7.264   10.691   11.112   13.297
   14.185   14.525   15.830   16.381   16.817   18.217   18.286   19.433
            0.116048 -0.201001  0.517179
  -79.902  -46.044  -46.039  -46.038  -10.578   -9.991    0.397    1.501    1.955    2.435
    2.654    2.947    5.487    5.524    6.201    7.113    7.242   10.874   11.408   13.261
   13.974   14.698   15.672   16.039   16.934   17.941   18.038   19.641
            0.154731 -0.268001  0.517179
  -79.902  -46.044  -46.039  -46.038  -10.521   -9.964    0.433    1.315    1.942    2.387
    2.507    2.831    5.525    5.564    6.246    7.046    7.213   11.086   11.758   13.205
   13.745   14.938   15.482   15.657   17.078   17.762   17.858   19.814
            0.193413 -0.335002  0.517179
  -79.902  -46.044  -46.040  -46.038  -10.452   -9.933    0.463    1.132    1.919    2.124
    2.539    2.702    5.565    5.599    6.287    7.009    7.177   11.290   12.113   13.149
   13.534   15.180   15.288   15.323   17.177   17.701   17.818   19.942
            0.232096 -0.402002  0.517179
  -79.902  -46.043  -46.041  -46.039  -10.373   -9.899    0.469    0.959    1.871    1.910
    2.486    2.613    5.606    5.630    6.318    7.008    7.138   11.446   12.386   13.167
   13.368   14.892   15.118   15.566   17.147   17.771   18.007   20.017
            0.270779 -0.469002  0.517179
  -79.901  -46.043  -46.042  -46.039  -10.287   -9.862    0.436    0.802    1.725    1.842
    2.346    2.578    5.645    5.659    6.337    7.043    7.102   11.529   12.459   13.258
   13.374   14.580   14.992   15.860   17.051   17.972   18.361   20.042
            0.309461 -0.536003  0.517179
  -79.901  -46.043  -46.042  -46.039  -10.197   -9.827    0.356    0.664    1.627    1.787
    2.191    2.532    5.682    5.689    6.342    7.074    7.101   11.543   12.387   13.191
   13.720   14.328   14.919   16.097   16.959   18.281   18.807   20.039
            0.348144 -0.603003  0.517179
  -79.901  -46.043  -46.043  -46.040  -10.107   -9.794    0.248    0.552    1.552    1.755
    2.037    2.470    5.720    5.722    6.333    7.057    7.169   11.514   12.281   13.150
   14.100   14.153   14.890   16.254   16.896   18.629   19.304   20.049
            0.386827 -0.670003  0.517179
  -79.901  -46.044  -46.043  -46.040  -10.020   -9.766    0.140    0.469    1.448    1.770
    1.891    2.395    5.757    5.758    6.313    7.053    7.232   11.470   12.189   13.123
   14.040   14.490   14.889   16.326   16.868   18.918   19.809   20.117
            0.425509 -0.737004  0.517179
  -79.901  -46.044  -46.043  -46.041   -9.941   -9.743    0.056    0.416    1.311    1.756
    1.816    2.312    5.795    5.799    6.286    7.061    7.276   11.434   12.138   13.109
   14.006   14.841   14.902   16.317   16.869   19.093   20.222   20.253
            0.464192 -0.804004  0.517179
  -79.901  -46.044  -46.043  -46.041   -9.873   -9.728    0.012    0.395    1.152    1.634
    1.871    2.228    5.832    5.842    6.255    7.080    7.294   11.417   12.144   13.113
   14.037   14.921   15.129   16.247   16.874   19.184   20.163   20.275
            0.502875 -0.871004  0.517179
  -79.901  -46.044  -46.043  -46.042   -9.817   -9.720    0.016    0.401    0.981    1.527
    1.920    2.149    5.868    5.887    6.221    7.107    7.282   11.426   12.211   13.133
   14.118   14.944   15.302   16.157   16.846   19.243   19.851   20.225
            0.541557 -0.938005  0.517179
  -79.901  -46.044  -46.043  -46.042   -9.775   -9.720    0.068    0.428    0.808    1.441
    1.956    2.078    5.901    5.931    6.185    7.143    7.245   11.462   12.333   13.171
   14.229   14.967   15.312   16.088   16.743   19.321   19.522   20.078
            0.580240 -1.005005  0.517179
  -79.901  -46.044  -46.043  -46.043   -9.747   -9.726    0.155    0.465    0.653    1.384
    1.976    2.018    5.931    5.963    6.152    7.184    7.193   11.519   12.495   13.224
   14.337   14.973   15.162   16.053   16.557   19.245   19.457   19.888
            0.580240 -1.011495  0.494193
  -79.901  -46.044  -46.043  -46.043   -9.745   -9.727    0.161    0.469    0.643    1.382
    1.976    2.014    5.933    5.965    6.150    7.187    7.190   11.522   12.513   13.223
   14.343   14.972   15.147   16.052   16.544   19.225   19.469   19.860
            0.580240 -1.017984  0.471207
  -79.901  -46.044  -46.043  -46.043   -9.744   -9.727    0.166    0.475    0.631    1.380
    1.977    2.010    5.934    5.967    6.149    7.185    7.190   11.524   12.539   13.211
   14.351   14.973   15.130   16.050   16.536   19.203   19.482   19.810
            0.580240 -1.024474  0.448222
  -79.901  -46.044  -46.043  -46.043   -9.743   -9.728    0.171    0.483    0.618    1.379
    1.978    2.006    5.935    5.969    6.147    7.183    7.192   11.525   12.573   13.190
   14.358   14.976   15.115   16.048   16.532   19.180   19.495   19.752
            0.580240 -1.030964  0.425236
  -79.901  -46.044  -46.043  -46.043   -9.743   -9.728    0.174    0.493    0.604    1.378
    1.979    2.003    5.936    5.971    6.146    7.181    7.193   11.524   12.610   13.162
   14.365   14.981   15.099   16.045   16.532   19.158   19.508   19.698
            0.580240 -1.037454  0.402250
  -79.901  -46.044  -46.043  -46.043   -9.742   -9.728    0.177    0.505    0.589    1.378
    1.979    2.001    5.936    5.973    6.145    7.179    7.194   11.523   12.648   13.131
   14.370   14.987   15.086   16.043   16.534   19.137   19.522   19.651
            0.580240 -1.043944  0.379265
  -79.901  -46.044  -46.043  -46.043   -9.742   -9.728    0.178    0.517    0.575    1.378
    1.979    1.999    5.936    5.974    6.144    7.178    7.195   11.522   12.681   13.103
   14.374   14.993   15.075   16.041   16.536   19.122   19.537   19.613
            0.580240 -1.050433  0.356279
  -79.901  -46.044  -46.043  -46.043   -9.742   -9.728    0.179    0.527    0.565    1.378
    1.979    1.998    5.936    5.975    6.144    7.178    7.195   11.522   12.700   13.085
   14.376   14.997   15.068   16.040   16.537   19.114   19.553   19.585
            0.580240 -1.056923  0.333293
  -79.901  -46.044  -46.043  -46.043   -9.742   -9.728    0.179    0.527    0.565    1.378
    1.979    1.998    5.936    5.975    6.144    7.178    7.195   11.522   12.700   13.085
   14.376   14.997   15.068   16.040   16.537   19.114   19.553   19.585
            0.580240 -1.063413  0.310307
  -79.901  -46.044  -46.043  -46.043   -9.742   -9.728    0.178    0.517    0.575    1.378
    1.979    1.999    5.936    5.974    6.144    7.178    7.195   11.522   12.681   13.103
   14.374   14.993   15.075   16.041   16.536   19.122   19.537   19.613
            0.580240 -1.069903  0.287322
  -79.901  -46.044  -46.043  -46.043   -9.742   -9.728    0.177    0.505    0.589    1.378
    1.979    2.001    5.936    5.973    6.145    7.179    7.194   11.523   12.648   13.131
   14.370   14.987   15.086   16.043   16.534   19.137   19.522   19.651
            0.580240 -1.076393  0.264336
  -79.901  -46.044  -46.043  -46.043   -9.743   -9.728    0.174    0.493    0.604    1.378
    1.979    2.003    5.936    5.971    6.146    7.181    7.193   11.524   12.610   13.162
   14.365   14.981   15.099   16.045   16.532   19.158   19.508   19.698
            0.580240 -1.082882  0.241350
  -79.901  -46.044  -46.043  -46.043   -9.743   -9.728    0.171    0.483    0.618    1.379
    1.978    2.006    5.935    5.969    6.147    7.183    7.192   11.525   12.573   13.190
   14.358   14.976   15.115   16.048   16.532   19.180   19.495   19.752
            0.580240 -1.089372  0.218364
  -79.901  -46.044  -46.043  -46.043   -9.744   -9.727    0.166    0.475    0.631    1.380
    1.977    2.010    5.934    5.967    6.149    7.185    7.190   11.524   12.539   13.211
   14.351   14.973   15.130   16.050   16.536   19.203   19.482   19.810
            0.580240 -1.095862  0.195379
  -79.901  -46.044  -46.043  -46.043   -9.745   -9.727    0.161    0.469    0.643    1.382
    1.976    2.014    5.933    5.965    6.150    7.187    7.190   11.522   12.513   13.223
   14.343   14.972   15.147   16.052   16.544   19.225   19.469   19.860
            0.580240 -1.102352  0.172393
  -79.901  -46.044  -46.043  -46.043   -9.747   -9.726    0.155    0.465    0.653    1.384
    1.976    2.018    5.931    5.963    6.152    7.184    7.193   11.519   12.495   13.224
   14.337   14.973   15.162   16.053   16.557   19.245   19.457   19.888
            0.602391 -1.063984  0.172393
  -79.901  -46.044  -46.043  -46.043   -9.736   -9.732    0.201    0.484    0.593    1.369
    1.980    1.990    5.948    5.969    6.142    7.161    7.209   11.556   12.596   13.262
   14.379   14.954   15.022   16.059   16.433   19.118   19.544   19.813
            0.624543 -1.025617  0.172393
  -79.901  -46.044  -46.043  -46.043   -9.740   -9.730    0.216    0.499    0.582    1.368
    1.965    1.980    5.957    5.962    6.143    7.129    7.234   11.591   12.695   13.308
   14.392   14.860   14.906   16.097   16.321   19.012   19.551   19.861
            0.646694 -0.987249  0.172393
  -79.901  -46.044  -46.043  -46.043   -9.749   -9.727    0.183    0.506    0.637    1.382
    1.945    1.976    5.929    5.976    6.157    7.101    7.259   11.618   12.783   13.364
   14.345   14.715   14.823   16.175   16.240   18.924   19.492   20.020
            0.668846 -0.948882  0.172393
  -79.901  -46.044  -46.043  -46.043   -9.759   -9.727    0.122    0.506    0.736    1.411
    1.928    1.970    5.889    5.988    6.177    7.078    7.282   11.632   12.851   13.431
   14.202   14.642   14.710   16.194   16.295   18.851   19.433   20.222
            0.690997 -0.910514  0.172393
  -79.901  -46.044  -46.043  -46.042   -9.770   -9.729    0.051    0.499    0.860    1.453
    1.915    1.961    5.839    5.998    6.201    7.062    7.304   11.627   12.885   13.515
   13.997   14.579   14.630   16.177   16.451   18.798   19.391   20.445
            0.713149 -0.872147  0.172393
  -79.901  -46.045  -46.043  -46.042   -9.780   -9.733   -0.020    0.486    0.996    1.504
    1.905    1.953    5.783    6.007    6.226    7.054    7.324   11.599   12.871   13.617
   13.789   14.446   14.649   16.174   16.638   18.768   19.371   20.677
            0.735300 -0.833779  0.172393
  -79.901  -46.045  -46.043  -46.041   -9.791   -9.739   -0.088    0.470    1.137    1.560
    1.898    1.945    5.722    6.014    6.249    7.055    7.341   11.546   12.794   13.615
   13.737   14.326   14.687   16.170   16.850   18.768   19.375   20.910
            0.757452 -0.795412  0.172393
  -79.901  -46.045  -46.043  -46.041   -9.801   -9.745   -0.151    0.451    1.277    1.619
    1.893    1.941    5.658    6.020    6.272    7.064    7.357   11.473   12.653   13.491
   13.872   14.229   14.737   16.151   17.082   18.803   19.401   21.134
            0.779603 -0.757044  0.172393
  -79.901  -46.045  -46.043  -46.041   -9.810   -9.751   -0.206    0.433    1.409    1.676
    1.890    1.943    5.592    6.024    6.292    7.081    7.369   11.385   12.472   13.409
   13.997   14.182   14.793   16.107   17.327   18.879   19.447   21.336
            0.801755 -0.718677  0.172393
  -79.901  -46.045  -46.043  -46.040   -9.819   -9.757   -0.254    0.415    1.523    1.729
    1.888    1.956    5.527    6.027    6.310    7.103    7.379   11.292   12.280   13.352
   14.018   14.272   14.850   16.035   17.579   18.994   19.508   21.359
            0.823906 -0.680309  0.172393
  -79.901  -46.046  -46.043  -46.040   -9.826   -9.763   -0.295    0.400    1.610    1.775
    1.888    1.985    5.466    6.029    6.325    7.128    7.387   11.202   12.099   13.310
   13.985   14.444   14.901   15.934   17.828   19.147   19.578   21.204
            0.846058 -0.641942  0.172393
  -79.901  -46.046  -46.043  -46.040   -9.832   -9.768   -0.326    0.387    1.666    1.813
    1.888    2.027    5.412    6.030    6.336    7.153    7.393   11.124   11.945   13.278
   13.955   14.634   14.944   15.807   18.063   19.331   19.645   20.981
            0.868209 -0.603574  0.172393
  -79.901  -46.046  -46.043  -46.040   -9.836   -9.771   -0.349    0.378    1.696    1.841
    1.888    2.072    5.370    6.031    6.345    7.174    7.397   11.063   11.828   13.256
   13.934   14.826   14.976   15.661   18.263   19.536   19.700   20.731
            0.890361 -0.565207  0.172393
  -79.901  -46.046  -46.043  -46.040   -9.839   -9.774   -0.363    0.372    1.710    1.857
    1.889    2.105    5.343    6.031    6.350    7.188    7.399   11.025   11.755   13.242
   13.921   14.996   15.002   15.512   18.403   19.734   19.737   20.498
            0.912512 -0.526839  0.172393
  -79.901  -46.046  -46.043  -46.040   -9.840   -9.774   -0.367    0.370    1.714    1.863
    1.890    2.117    5.333    6.031    6.352    7.193    7.400   11.012   11.730   13.237
   13.917   15.002   15.097   15.428   18.453   19.745   19.845   20.379
            0.851678 -0.491717  0.160900
  -79.901  -46.046  -46.043  -46.040   -9.865   -9.762   -0.343    0.383    1.631    1.890
    1.945    2.127    5.336    6.028    6.353    7.191    7.389   11.025   11.742   13.272
   13.922   14.920   15.105   15.479   18.443   19.514   19.889   20.300
            0.790844 -0.456594  0.149407
  -79.901  -46.045  -46.043  -46.040   -9.918   -9.746   -0.270    0.418    1.503    1.889
    2.074    2.155    5.343    6.019    6.357    7.187    7.357   11.064   11.773   13.371
   13.934   14.759   15.130   15.550   18.403   19.119   19.814   20.091
            0.730010 -0.421471  0.137914
  -79.901  -46.045  -46.043  -46.039   -9.985   -9.739   -0.155    0.475    1.377    1.890
    2.200    2.208    5.354    6.003    6.361    7.181    7.310   11.128   11.811   13.524
   13.938   14.613   15.166   15.566   18.315   18.671   19.700   19.828
            0.669176 -0.386349  0.126422
  -79.901  -46.044  -46.043  -46.039  -10.062   -9.741   -0.010    0.549    1.271    1.893
    2.260    2.342    5.369    5.980    6.361    7.174    7.253   11.211   11.836   13.699
   13.920   14.548   15.207   15.512   18.151   18.220   19.587   19.646
            0.608342 -0.351226  0.114929
  -79.901  -46.044  -46.043  -46.039  -10.145   -9.752    0.143    0.633    1.210    1.896
    2.334    2.474    5.387    5.949    6.354    7.168    7.193   11.291   11.836   13.767
   13.955   14.603   15.241   15.432   17.796   17.908   19.402   19.694
            0.547507 -0.316104  0.103436
  -79.901  -46.043  -46.043  -46.039  -10.232   -9.769    0.255    0.734    1.233    1.902
    2.420    2.602    5.407    5.910    6.338    7.137    7.164   11.306   11.845   13.672
   14.067   14.755   15.251   15.427   17.419   17.623   19.245   19.837
            0.486673 -0.280981  0.091943
  -79.901  -46.043  -46.042  -46.039  -10.319   -9.790    0.275    0.875    1.358    1.908
    2.515    2.721    5.427    5.862    6.314    7.093    7.164   11.177   11.922   13.490
   14.188   14.927   15.219   15.603   17.108   17.347   19.091   19.853
            0.425839 -0.245858  0.080450
  -79.902  -46.044  -46.041  -46.039  -10.403   -9.814    0.223    1.048    1.569    1.914
    2.618    2.826    5.445    5.805    6.283    7.065    7.169   10.926   12.030   13.262
   14.350   15.084   15.130   15.932   16.890   17.116   18.960   19.866
            0.365005 -0.210736  0.068957
  -79.902  -46.044  -46.041  -46.038  -10.482   -9.839    0.140    1.226    1.838    1.921
    2.725    2.911    5.459    5.740    6.248    7.057    7.179   10.612   12.047   13.116
   14.548   14.987   15.245   16.247   16.863   16.940   18.882   19.917
            0.304171 -0.175613  0.057464
  -79.902  -46.044  -46.040  -46.038  -10.553   -9.863    0.052    1.400    1.927    2.135
    2.831    2.972    5.467    5.670    6.211    7.072    7.194   10.278   11.876   13.172
   14.742   14.809   15.427   16.346   16.808   17.186   18.870   19.977
            0.243337 -0.140490  0.045971
  -79.902  -46.044  -46.039  -46.038  -10.614   -9.885   -0.028    1.564    1.932    2.435
    2.932    3.008    5.468    5.599    6.175    7.107    7.212    9.955   11.592   13.377
   14.624   14.873   15.651   16.369   16.705   17.685   18.922   20.027
            0.182502 -0.105368  0.034479
  -79.902  -46.044  -46.038  -46.038  -10.663   -9.903   -0.096    1.711    1.936    2.714
    3.019    3.021    5.462    5.533    6.142    7.156    7.230    9.669   11.298   13.638
   14.456   14.912   15.922   16.413   16.625   18.214   19.019   20.053
            0.121668 -0.070245  0.022986
  -79.902  -46.044  -46.038  -46.038  -10.699   -9.916   -0.146    1.832    1.939    2.944
    3.014    3.092    5.449    5.479    6.116    7.207    7.246    9.446   11.052   13.900
   14.325   14.876   16.203   16.465   16.566   18.709   19.136   19.762
            0.060834 -0.035123  0.011493
  -79.902  -46.044  -46.038  -46.038  -10.721   -9.924   -0.177    1.913    1.941    3.002
    3.099    3.138    5.436    5.443    6.098    7.246    7.256    9.303   10.889   14.117
   14.241   14.802   16.428   16.503   16.529   19.101   19.235   19.469
            0.000000  0.000000  0.000000
  -79.902  -46.044  -46.038  -46.038  -10.728   -9.927   -0.187    1.942    1.942    2.996
    3.154    3.154    5.430    5.430    6.092    7.260    7.260    9.254   10.832   14.213
   14.213   14.757   16.516   16.516   16.516   19.276   19.276   19.343
            0.041493 -0.071868 -0.000000
  -79.902  -46.044  -46.038  -46.038  -10.718   -9.923   -0.173    1.902    1.941    3.005
    3.078    3.132    5.439    5.447    6.101    7.241    7.255    9.321   10.911   14.082
   14.253   14.819   16.394   16.498   16.533   19.064   19.199   19.511
            0.082986 -0.143735 -0.000000
  -79.902  -46.044  -46.038  -46.038  -10.688   -9.911   -0.132    1.794    1.936    2.869
    3.020    3.069    5.463    5.488    6.124    7.194    7.236    9.511   11.133   13.797
   14.369   14.915   16.102   16.447   16.578   18.629   19.012   19.871
            0.124478 -0.215603 -0.000000
  -79.902  -46.044  -46.039  -46.038  -10.639   -9.892   -0.067    1.641    1.927    2.573
    2.962    3.028    5.501    5.536    6.158    7.147    7.204    9.802   11.461   13.459
   14.536   14.969   15.763   16.382   16.626   18.134   18.803   19.948
            0.165971 -0.287471 -0.000000
  -79.902  -46.044  -46.040  -46.038  -10.572   -9.867    0.020    1.465    1.907    2.236
    2.831    3.001    5.549    5.581    6.197    7.124    7.158   10.161   11.856   13.116
   14.679   14.957   15.493   16.336   16.631   17.677   18.673   19.802
            0.207464 -0.359338 -0.000000
  -79.902  -46.044  -46.040  -46.038  -10.491   -9.838    0.120    1.282    1.861    1.907
    2.677    2.942    5.603    5.620    6.238    7.103    7.135   10.554   12.283   12.797
   14.650   14.874   15.412   16.304   16.565   17.330   18.720   19.595
            0.248957 -0.431206 -0.000000
  -79.902  -46.043  -46.041  -46.039  -10.399   -9.807    0.221    1.105    1.576    1.829
    2.511    2.851    5.655    5.657    6.275    7.044    7.179   10.952   12.525   12.717
   14.477   14.742   15.416   16.137   16.574   17.151   18.982   19.409
            0.290450 -0.503074 -0.000000
  -79.901  -46.043  -46.042  -46.039  -10.299   -9.776    0.298    0.944    1.328    1.758
    2.339    2.736    5.689    5.708    6.304    6.990    7.243   11.317   12.323   13.137
   14.306   14.593   15.335   15.826   16.708   17.078   19.388   19.423
            0.331943 -0.574941 -0.000000
  -79.901  -46.043  -46.043  -46.040  -10.197   -9.748    0.312    0.808    1.185    1.670
    2.168    2.608    5.725    5.756    6.318    6.949    7.312   11.585   12.241   13.501
   14.218   14.458   15.204   15.480   16.903   16.933   19.654   19.987
            0.373435 -0.646809 -0.000000
  -79.901  -46.043  -46.043  -46.040  -10.095   -9.725    0.254    0.701    1.147    1.581
    2.000    2.476    5.765    5.800    6.316    6.927    7.370   11.673   12.346   13.721
   14.289   14.355   15.111   15.156   16.676   17.141   20.169   20.614
            0.414928 -0.718677 -0.000000
  -79.901  -46.044  -46.043  -46.041  -10.001   -9.708    0.169    0.629    1.121    1.540
    1.838    2.351    5.808    5.838    6.299    6.926    7.404   11.654   12.536   13.789
   14.298   14.469   14.895   15.131   16.388   17.412   20.760   21.199
            0.456421 -0.790544 -0.000000
  -79.901  -46.044  -46.043  -46.041   -9.916   -9.699    0.106    0.590    1.018    1.591
    1.685    2.239    5.854    5.873    6.269    6.945    7.407   11.628   12.680   13.811
   14.294   14.575   14.730   15.297   16.171   17.713   21.020   21.453
            0.497914 -0.862412 -0.000000
  -79.901  -46.044  -46.043  -46.042   -9.845   -9.699    0.092    0.579    0.856    1.548
    1.694    2.147    5.899    5.903    6.231    6.982    7.379   11.617   12.731   13.795
   14.332   14.603   14.687   15.523   16.115   18.039   20.667   21.071
            0.539407 -0.934280 -0.000000
  -79.901  -46.044  -46.043  -46.042   -9.790   -9.707    0.132    0.585    0.677    1.439
    1.803    2.077    5.930    5.939    6.187    7.035    7.327   11.616   12.708   13.672
   14.382   14.654   14.755   15.764   16.189   18.386   20.169   20.455
            0.580900 -1.006147 -0.000000
  -79.901  -46.044  -46.043  -46.043   -9.752   -9.721    0.204    0.522    0.586    1.377
    1.901    2.028    5.954    5.961    6.149    7.102    7.261   11.597   12.676   13.419
   14.410   14.794   14.892   16.025   16.271   18.747   19.763   19.920
            0.622392 -1.078015 -0.000000
  -79.901  -46.044  -46.043  -46.043   -9.742   -9.728    0.179    0.528    0.563    1.378
    1.979    1.998    5.936    5.975    6.144    7.178    7.195   11.522   12.703   13.083
   14.377   14.998   15.067   16.040   16.537   19.113   19.558   19.578
            0.619582 -1.076393  0.022986
  -79.901  -46.044  -46.043  -46.043   -9.741   -9.729    0.183    0.522    0.567    1.376
    1.977    1.999    5.938    5.974    6.143    7.175    7.198   11.526   12.694   13.102
   14.379   14.990   15.060   16.044   16.522   19.104   19.556   19.597
            0.616772 -1.074770  0.045971
  -79.901  -46.044  -46.043  -46.043   -9.740   -9.729    0.187    0.513    0.573    1.375
    1.976    1.998    5.940    5.973    6.143    7.171    7.200   11.531   12.676   13.131
   14.380   14.982   15.053   16.048   16.505   19.101   19.551   19.628
            0.613962 -1.073148  0.068957
  -79.901  -46.044  -46.043  -46.043   -9.739   -9.730    0.191    0.504    0.579    1.373
    1.976    1.997    5.942    5.972    6.143    7.169    7.203   11.537   12.654   13.165
   14.381   14.975   15.047   16.052   16.487   19.103   19.547   19.665
            0.611152 -1.071525  0.091943
  -79.901  -46.044  -46.043  -46.043   -9.739   -9.731    0.194    0.497    0.585    1.372
    1.976    1.996    5.943    5.971    6.142    7.166    7.205   11.543   12.632   13.198
   14.380   14.968   15.040   16.054   16.470   19.109   19.544   19.707
            0.608342 -1.069903  0.114929
  -79.901  -46.044  -46.043  -46.043   -9.738   -9.731    0.197    0.490    0.590    1.371
    1.977    1.994    5.945    5.970    6.142    7.164    7.206   11.548   12.613   13.227
   14.379   14.962   15.035   16.056   16.456   19.115   19.542   19.751
            0.605531 -1.068280  0.137914
  -79.901  -46.044  -46.043  -46.043   -9.737   -9.732    0.198    0.486    0.593    1.370
    1.979    1.992    5.946    5.969    6.142    7.163    7.207   11.552   12.600   13.248
   14.378   14.958   15.032   16.058   16.445   19.121   19.541   19.789
            0.602721 -1.066658  0.160900
  -79.901  -46.044  -46.043  -46.043   -9.737   -9.732    0.199    0.484    0.594    1.369
    1.980    1.991    5.947    5.969    6.142    7.162    7.208   11.554   12.592   13.259
   14.378   14.955   15.030   16.058   16.440   19.123   19.540   19.811
            0.599911 -1.065036  0.183886
  -79.901  -46.044  -46.043  -46.043   -9.737   -9.732    0.199    0.484    0.594    1.369
    1.980    1.991    5.947    5.969    6.142    7.162    7.208   11.554   12.592   13.259
   14.378   14.955   15.030   16.058   16.440   19.123   19.540   19.811
            0.597101 -1.063413  0.206872
  -79.901  -46.044  -46.043  -46.043   -9.737   -9.732    0.198    0.486    0.593    1.370
    1.979    1.992    5.946    5.969    6.142    7.163    7.207   11.552   12.600   13.248
   14.378   14.958   15.032   16.058   16.445   19.121   19.541   19.789
            0.594291 -1.061791  0.229857
  -79.901  -46.044  -46.043  -46.043   -9.738   -9.731    0.197    0.490    0.590    1.371
    1.977    1.994    5.945    5.970    6.142    7.164    7.206   11.548   12.613   13.227
   14.379   14.962   15.035   16.056   16.456   19.115   19.542   19.751
            0.591481 -1.060168  0.252843
  -79.901  -46.044  -46.043  -46.043   -9.739   -9.731    0.194    0.497    0.585    1.372
    1.976    1.996    5.943    5.971    6.142    7.166    7.205   11.543   12.632   13.198
   14.380   14.968   15.040   16.054   16.470   19.109   19.544   19.707
            0.588670 -1.058546  0.275829
  -79.901  -46.044  -46.043  -46.043   -9.739   -9.730    0.191    0.504    0.579    1.373
    1.976    1.997    5.942    5.972    6.143    7.169    7.203   11.537   12.654   13.165
   14.381   14.975   15.047   16.052   16.487   19.103   19.547   19.665
            0.585860 -1.056923  0.298814
  -79.901  -46.044  -46.043  -46.043   -9.740   -9.729    0.187    0.513    0.573    1.375
    1.976    1.998    5.940    5.973    6.143    7.171    7.200   11.531   12.676   13.131
   14.380   14.982   15.053   16.048   16.505   19.101   19.551   19.628
            0.583050 -1.055301  0.321800
  -79.901  -46.044  -46.043  -46.043   -9.741   -9.729    0.183    0.522    0.567    1.376
    1.977    1.999    5.938    5.974    6.143    7.175    7.198   11.526   12.694   13.102
   14.379   14.990   15.060   16.044   16.522   19.104   19.556   19.597
            0.580240 -1.053678  0.344786
  -79.901  -46.044  -46.043  -46.043   -9.742   -9.728    0.179    0.528    0.563    1.378
    1.979    1.998    5.936    5.975    6.144    7.178    7.195   11.522   12.703   13.083
   14.377   14.998   15.067   16.040   16.537   19.113   19.558   19.578
            0.541557 -1.053678  0.344786
  -79.901  -46.044  -46.043  -46.043   -9.753   -9.721    0.118    0.542    0.604    1.400
    1.990    2.008    5.905    5.983    6.155    7.168    7.214   11.459   12.746   12.911
   14.333   15.090   15.159   15.962   16.736   19.281   19.495   19.531
            0.502875 -1.053678  0.344786
  -79.901  -46.044  -46.043  -46.043   -9.764   -9.717    0.047    0.515    0.701    1.434
    1.986    2.033    5.866    5.991    6.171    7.145    7.251   11.380   12.732   12.811
   14.272   15.155   15.257   15.888   16.955   19.423   19.481   19.535
            0.464192 -1.053678  0.344786
  -79.901  -46.044  -46.043  -46.042   -9.775   -9.716   -0.024    0.484    0.813    1.477
    1.984    2.053    5.820    5.998    6.190    7.128    7.287   11.285   12.550   12.892
   14.198   15.159   15.359   15.864   17.189   19.442   19.559   19.626
            0.425509 -1.053678  0.344786
  -79.901  -46.045  -46.043  -46.042   -9.787   -9.716   -0.094    0.451    0.934    1.527
    1.984    2.069    5.770    6.004    6.211    7.116    7.322   11.179   12.367   12.987
   14.120   15.084   15.464   15.915   17.436   19.469   19.593   19.790
            0.386827 -1.053678  0.344786
  -79.901  -46.045  -46.043  -46.042   -9.799   -9.717   -0.161    0.418    1.062    1.580
    1.987    2.082    5.715    6.009    6.231    7.111    7.355   11.065   12.183   13.088
   14.046   14.959   15.568   16.020   17.693   19.514   19.630   19.954
            0.348144 -1.053678  0.344786
  -79.901  -46.045  -46.043  -46.041   -9.810   -9.720   -0.222    0.385    1.194    1.634
    1.991    2.091    5.658    6.014    6.251    7.112    7.386   10.945   12.001   13.188
   13.987   14.813   15.668   16.154   17.958   19.569   19.665   20.119
            0.309461 -1.053678  0.344786
  -79.901  -46.045  -46.043  -46.041   -9.820   -9.723   -0.279    0.354    1.327    1.689
    1.996    2.098    5.599    6.018    6.270    7.120    7.414   10.824   11.824   13.271
   13.957   14.665   15.762   16.300   18.229   19.625   19.697   20.285
            0.270779 -1.053678  0.344786
  -79.901  -46.045  -46.043  -46.041   -9.830   -9.727   -0.330    0.325    1.458    1.741
    2.001    2.102    5.539    6.021    6.288    7.134    7.439   10.705   11.654   13.323
   13.972   14.526   15.846   16.450   18.502   19.680   19.729   20.451
            0.232096 -1.053678  0.344786
  -79.901  -46.045  -46.043  -46.040   -9.839   -9.731   -0.375    0.298    1.584    1.789
    2.006    2.105    5.480    6.024    6.304    7.152    7.461   10.593   11.494   13.339
   14.034   14.400   15.916   16.596   18.769   19.732   19.767   20.612
            0.193413 -1.053678  0.344786
  -79.901  -46.045  -46.043  -46.040   -9.847   -9.735   -0.413    0.276    1.701    1.833
    2.010    2.105    5.424    6.026    6.317    7.174    7.479   10.491   11.349   13.329
   14.128   14.290   15.970   16.733   19.017   19.786   19.826   20.746
            0.154731 -1.053678  0.344786
  -79.901  -46.046  -46.043  -46.040   -9.853   -9.738   -0.445    0.257    1.806    1.872
    2.013    2.104    5.373    6.028    6.329    7.196    7.494   10.403   11.223   13.308
   14.199   14.236   16.007   16.857   19.222   19.846   19.927   20.780
            0.116048 -1.053678  0.344786
  -79.901  -46.046  -46.043  -46.040   -9.859   -9.741   -0.470    0.242    1.896    1.904
    2.014    2.100    5.329    6.030    6.338    7.217    7.506   10.331   11.119   13.286
   14.128   14.339   16.029   16.960   19.359   19.917   20.095   20.685
            0.077365 -1.053678  0.344786
  -79.901  -46.046  -46.043  -46.040   -9.862   -9.743   -0.487    0.231    1.929    1.968
    2.014    2.094    5.295    6.031    6.344    7.234    7.514   10.278   11.041   13.267
   14.077   14.424   16.038   17.039   19.433   20.001   20.322   20.546
            0.038683 -1.053678  0.344786
  -79.901  -46.046  -46.043  -46.040   -9.865   -9.745   -0.498    0.224    1.945    2.012
    2.020    2.082    5.274    6.032    6.348    7.245    7.519   10.245   10.993   13.256
   14.046   14.481   16.041   17.089   19.467   20.098   20.408   20.576
            0.000000 -1.053678  0.344786
  -79.901  -46.046  -46.043  -46.040   -9.865   -9.745   -0.502    0.222    1.951    2.011
    2.046    2.069    5.267    6.032    6.350    7.249    7.521   10.234   10.977   13.251
   14.036   14.501   16.041   17.106   19.476   20.166   20.325   20.821
