  0.00000000E+00 -0.76221106E+01
  0.10346733E-01 -0.76219181E+01
  0.20693467E-01 -0.76213406E+01
  0.31040200E-01 -0.76203781E+01
  0.41386933E-01 -0.76190304E+01
  0.51733667E-01 -0.76172975E+01
  0.62080400E-01 -0.76151794E+01
  0.72427133E-01 -0.76126761E+01
  0.82773866E-01 -0.76097880E+01
  0.93120600E-01 -0.76065161E+01
  0.10346733E+00 -0.76028617E+01
  0.11381407E+00 -0.75988270E+01
  0.12416080E+00 -0.75944152E+01
  0.13450753E+00 -0.75896307E+01
  0.14485427E+00 -0.75844787E+01
  0.15520100E+00 -0.75789658E+01
  0.16554773E+00 -0.75730995E+01
  0.17589447E+00 -0.75668882E+01
  0.18624120E+00 -0.75603405E+01
  0.19658793E+00 -0.75534653E+01
  0.20693467E+00 -0.75462713E+01
  0.21728140E+00 -0.75387667E+01
  0.22762813E+00 -0.75309588E+01
  0.23797487E+00 -0.75228546E+01
  0.24832160E+00 -0.75144603E+01
  0.25866833E+00 -0.75057824E+01
  0.26901507E+00 -0.74968283E+01
  0.27936180E+00 -0.74876074E+01
  0.28970853E+00 -0.74781321E+01
  0.30005527E+00 -0.74684194E+01
  0.31040200E+00 -0.74584920E+01
  0.32074873E+00 -0.74483790E+01
  0.33109547E+00 -0.74381170E+01
  0.34144220E+00 -0.74277497E+01
  0.35178893E+00 -0.74173280E+01
  0.36213567E+00 -0.74069090E+01
  0.37248240E+00 -0.73965546E+01
  0.38282913E+00 -0.73863308E+01
  0.39317587E+00 -0.73763056E+01
  0.40352260E+00 -0.73665482E+01
  0.41386933E+00 -0.73571281E+01
  0.42421607E+00 -0.73481148E+01
  0.43456280E+00 -0.73395776E+01
  0.44490953E+00 -0.73315863E+01
  0.45525627E+00 -0.73242118E+01
  0.46560300E+00 -0.73175279E+01
  0.47594973E+00 -0.73116116E+01
  0.48629647E+00 -0.73065447E+01
  0.49664320E+00 -0.73024142E+01
  0.50698993E+00 -0.72993131E+01
  0.51733667E+00 -0.72973393E+01
  0.52768340E+00 -0.72965955E+01
  0.53803013E+00 -0.72971870E+01
  0.54837687E+00 -0.72992197E+01
  0.55872360E+00 -0.73027965E+01
  0.56907033E+00 -0.73080140E+01
  0.57941707E+00 -0.73149574E+01
  0.58976380E+00 -0.73236953E+01
  0.60011053E+00 -0.73342744E+01
  0.61045727E+00 -0.73467139E+01
  0.62080400E+00 -0.73610011E+01
  0.63115073E+00 -0.73770889E+01
  0.64149747E+00 -0.73948958E+01
  0.65184420E+00 -0.74143087E+01
  0.66219093E+00 -0.74351883E+01
  0.67253767E+00 -0.74573761E+01
  0.68288440E+00 -0.74807028E+01
  0.69323113E+00 -0.75049946E+01
  0.70357786E+00 -0.75300799E+01
  0.71392460E+00 -0.75557925E+01
  0.72427133E+00 -0.75819750E+01
  0.73461806E+00 -0.76084784E+01
  0.74496480E+00 -0.76351628E+01
  0.75531153E+00 -0.76618950E+01
  0.76565826E+00 -0.76885477E+01
  0.77600500E+00 -0.77149973E+01
  0.78635173E+00 -0.77411230E+01
  0.79669846E+00 -0.77668067E+01
  0.80704520E+00 -0.77919339E+01
  0.81739193E+00 -0.78163965E+01
  0.82773866E+00 -0.78400952E+01
  0.83808540E+00 -0.78629427E+01
  0.84843213E+00 -0.78848660E+01
  0.85877886E+00 -0.79058074E+01
  0.86912560E+00 -0.79257238E+01
  0.87947233E+00 -0.79445845E+01
  0.88981906E+00 -0.79623686E+01
  0.90016580E+00 -0.79790601E+01
  0.91051253E+00 -0.79946452E+01
  0.92085926E+00 -0.80091087E+01
  0.93120600E+00 -0.80224319E+01
  0.94155273E+00 -0.80345921E+01
  0.95189946E+00 -0.80455628E+01
  0.96224620E+00 -0.80553155E+01
  0.97259293E+00 -0.80638220E+01
  0.98293966E+00 -0.80710568E+01
  0.99328640E+00 -0.80769988E+01
  0.10036331E+01 -0.80816326E+01
  0.10139799E+01 -0.80849478E+01
  0.10243266E+01 -0.80869387E+01
  0.10346261E+01 -0.80876026E+01
  0.10449255E+01 -0.80873857E+01
  0.10552250E+01 -0.80867340E+01
  0.10655245E+01 -0.80856443E+01
  0.10758239E+01 -0.80841116E+01
  0.10861234E+01 -0.80821290E+01
  0.10964228E+01 -0.80796885E+01
  0.11067223E+01 -0.80767812E+01
  0.11170218E+01 -0.80733976E+01
  0.11273212E+01 -0.80695282E+01
  0.11376207E+01 -0.80651639E+01
  0.11479202E+01 -0.80602966E+01
  0.11582196E+01 -0.80549190E+01
  0.11685191E+01 -0.80490255E+01
  0.11788186E+01 -0.80426120E+01
  0.11891180E+01 -0.80356762E+01
  0.11994175E+01 -0.80282177E+01
  0.12097170E+01 -0.80202377E+01
  0.12200164E+01 -0.80117393E+01
  0.12303159E+01 -0.80027272E+01
  0.12406153E+01 -0.79932072E+01
  0.12509148E+01 -0.79831864E+01
  0.12612143E+01 -0.79726728E+01
  0.12715137E+01 -0.79616747E+01
  0.12818132E+01 -0.79502007E+01
  0.12921127E+01 -0.79382590E+01
  0.13024121E+01 -0.79258572E+01
  0.13127116E+01 -0.79130020E+01
  0.13230111E+01 -0.78996989E+01
  0.13333105E+01 -0.78859521E+01
  0.13436100E+01 -0.78717641E+01
  0.13539095E+01 -0.78571365E+01
  0.13642089E+01 -0.78420697E+01
  0.13745084E+01 -0.78265637E+01
  0.13848078E+01 -0.78106191E+01
  0.13951073E+01 -0.77942378E+01
  0.14054068E+01 -0.77774243E+01
  0.14157062E+01 -0.77601872E+01
  0.14260057E+01 -0.77425405E+01
  0.14363052E+01 -0.77245051E+01
  0.14466046E+01 -0.77061104E+01
  0.14569041E+01 -0.76873953E+01
  0.14672036E+01 -0.76684098E+01
  0.14775030E+01 -0.76492156E+01
  0.14878025E+01 -0.76298875E+01
  0.14981020E+01 -0.76105141E+01
  0.15084014E+01 -0.75911994E+01
  0.15187009E+01 -0.75720652E+01
  0.15290003E+01 -0.75532534E+01
  0.15392998E+01 -0.75349311E+01
  0.15495993E+01 -0.75172962E+01
  0.15598987E+01 -0.75005846E+01
  0.15701982E+01 -0.74850766E+01
  0.15804977E+01 -0.74711006E+01
  0.15907971E+01 -0.74590251E+01
  0.16010966E+01 -0.74492328E+01
  0.16113961E+01 -0.74420672E+01
  0.16216955E+01 -0.74377579E+01
  0.16320845E+01 -0.74363476E+01
  0.16424736E+01 -0.74376850E+01
  0.16528626E+01 -0.74414187E+01
  0.16632516E+01 -0.74470619E+01
  0.16736406E+01 -0.74541049E+01
  0.16840297E+01 -0.74620802E+01
  0.16944187E+01 -0.74705952E+01
  0.17048077E+01 -0.74793384E+01
  0.17151967E+01 -0.74880733E+01
  0.17255858E+01 -0.74966245E+01
  0.17359748E+01 -0.75048657E+01
  0.17463638E+01 -0.75127068E+01
  0.17567528E+01 -0.75200851E+01
  0.17671419E+01 -0.75269572E+01
  0.17775309E+01 -0.75332934E+01
  0.17879199E+01 -0.75390734E+01
  0.17983089E+01 -0.75442832E+01
  0.18086980E+01 -0.75489130E+01
  0.18190870E+01 -0.75529557E+01
  0.18294760E+01 -0.75564059E+01
  0.18398650E+01 -0.75592592E+01
  0.18502541E+01 -0.75615120E+01
  0.18606431E+01 -0.75631611E+01
  0.18710321E+01 -0.75642037E+01
  0.18814211E+01 -0.75646370E+01
  0.18918102E+01 -0.75644586E+01
  0.19021992E+01 -0.75636661E+01
  0.19125882E+01 -0.75622573E+01
  0.19229772E+01 -0.75602302E+01
  0.19333663E+01 -0.75575832E+01
  0.19437553E+01 -0.75543153E+01
  0.19541443E+01 -0.75504264E+01
  0.19645333E+01 -0.75459179E+01
  0.19749224E+01 -0.75407926E+01
  0.19853114E+01 -0.75350560E+01
  0.19957004E+01 -0.75287163E+01
  0.20060894E+01 -0.75217853E+01
  0.20164785E+01 -0.75142785E+01
  0.20268675E+01 -0.75062160E+01
  0.20372565E+01 -0.74976225E+01
  0.20476455E+01 -0.74885280E+01
  0.20580346E+01 -0.74789679E+01
  0.20684236E+01 -0.74689829E+01
  0.20788126E+01 -0.74586195E+01
  0.20892016E+01 -0.74479302E+01
  0.20995907E+01 -0.74369733E+01
  0.21099797E+01 -0.74258131E+01
  0.21203687E+01 -0.74145203E+01
  0.21307577E+01 -0.74031718E+01
  0.21411468E+01 -0.73918507E+01
  0.21515358E+01 -0.73806465E+01
  0.21619248E+01 -0.73696542E+01
  0.21723138E+01 -0.73589742E+01
  0.21827029E+01 -0.73487107E+01
  0.21930919E+01 -0.73389704E+01
  0.22034809E+01 -0.73298600E+01
  0.22138699E+01 -0.73214844E+01
  0.22242590E+01 -0.73139427E+01
  0.22346480E+01 -0.73073260E+01
  0.22450370E+01 -0.73017138E+01
  0.22554260E+01 -0.72971713E+01
  0.22658151E+01 -0.72937474E+01
  0.22762041E+01 -0.72914730E+01
  0.22865931E+01 -0.72903607E+01
  0.22969821E+01 -0.72904051E+01
  0.23073712E+01 -0.72915839E+01
  0.23177602E+01 -0.72938601E+01
  0.23281492E+01 -0.72971836E+01
  0.23385382E+01 -0.73014944E+01
  0.23489273E+01 -0.73067245E+01
  0.23593163E+01 -0.73128006E+01
  0.23697053E+01 -0.73196459E+01
  0.23800943E+01 -0.73271817E+01
  0.23904834E+01 -0.73353295E+01
  0.24008724E+01 -0.73440113E+01
  0.24112614E+01 -0.73531512E+01
  0.24216504E+01 -0.73626758E+01
  0.24320395E+01 -0.73725145E+01
  0.24424285E+01 -0.73826002E+01
  0.24528175E+01 -0.73928697E+01
  0.24632065E+01 -0.74032632E+01
  0.24735956E+01 -0.74137251E+01
  0.24839846E+01 -0.74242040E+01
  0.24943736E+01 -0.74346522E+01
  0.25047626E+01 -0.74450263E+01
  0.25151517E+01 -0.74552865E+01
  0.25255407E+01 -0.74653972E+01
  0.25359297E+01 -0.74753261E+01
  0.25463187E+01 -0.74850448E+01
  0.25567078E+01 -0.74945278E+01
  0.25670968E+01 -0.75037531E+01
  0.25774858E+01 -0.75127013E+01
  0.25878748E+01 -0.75213557E+01
  0.25982639E+01 -0.75297019E+01
  0.26086529E+01 -0.75377275E+01
  0.26190419E+01 -0.75454222E+01
  0.26294309E+01 -0.75527770E+01
  0.26398200E+01 -0.75597844E+01
  0.26502090E+01 -0.75664379E+01
  0.26605980E+01 -0.75727321E+01
  0.26709870E+01 -0.75786621E+01
  0.26813761E+01 -0.75842240E+01
  0.26917651E+01 -0.75894141E+01
  0.27021541E+01 -0.75942293E+01
  0.27125431E+01 -0.75986670E+01
  0.27229322E+01 -0.76027248E+01
  0.27333212E+01 -0.76064008E+01
  0.27437102E+01 -0.76096931E+01
  0.27540992E+01 -0.76126005E+01
  0.27644883E+01 -0.76151219E+01
  0.27748773E+01 -0.76172565E+01
  0.27852663E+01 -0.76190035E+01
  0.27956553E+01 -0.76203627E+01
  0.28060444E+01 -0.76213337E+01
  0.28164334E+01 -0.76219163E+01
  0.28267801E+01 -0.76221106E+01
  
  0.00000000E+00 -0.51659537E+01
  0.10346733E-01 -0.51652679E+01
  0.20693467E-01 -0.51632289E+01
  0.31040200E-01 -0.51598909E+01
  0.41386933E-01 -0.51553405E+01
  0.51733667E-01 -0.51496919E+01
  0.62080400E-01 -0.51430803E+01
  0.72427133E-01 -0.51356548E+01
  0.82773866E-01 -0.51275707E+01
  0.93120600E-01 -0.51189817E+01
  0.10346733E+00 -0.51100343E+01
  0.11381407E+00 -0.51008612E+01
  0.12416080E+00 -0.50915787E+01
  0.13450753E+00 -0.50822839E+01
  0.14485427E+00 -0.50730552E+01
  0.15520100E+00 -0.50639541E+01
  0.16554773E+00 -0.50550284E+01
  0.17589447E+00 -0.50463165E+01
  0.18624120E+00 -0.50378523E+01
  0.19658793E+00 -0.50296692E+01
  0.20693467E+00 -0.50218039E+01
  0.21728140E+00 -0.50142986E+01
  0.22762813E+00 -0.50144825E+01
  0.23797487E+00 -0.50546585E+01
  0.24832160E+00 -0.50954746E+01
  0.25866833E+00 -0.51368061E+01
  0.26901507E+00 -0.51785448E+01
  0.27936180E+00 -0.52206032E+01
  0.28970853E+00 -0.52629177E+01
  0.30005527E+00 -0.53054498E+01
  0.31040200E+00 -0.53481847E+01
  0.32074873E+00 -0.53911293E+01
  0.33109547E+00 -0.54343061E+01
  0.34144220E+00 -0.54777473E+01
  0.35178893E+00 -0.55214857E+01
  0.36213567E+00 -0.55655470E+01
  0.37248240E+00 -0.56099408E+01
  0.38282913E+00 -0.56546551E+01
  0.39317587E+00 -0.56996521E+01
  0.40352260E+00 -0.57448684E+01
  0.41386933E+00 -0.57902172E+01
  0.42421607E+00 -0.58355940E+01
  0.43456280E+00 -0.58808832E+01
  0.44490953E+00 -0.59259647E+01
  0.45525627E+00 -0.59707206E+01
  0.46560300E+00 -0.60150400E+01
  0.47594973E+00 -0.60588221E+01
  0.48629647E+00 -0.61019779E+01
  0.49664320E+00 -0.61444311E+01
  0.50698993E+00 -0.61861169E+01
  0.51733667E+00 -0.62269806E+01
  0.52768340E+00 -0.62669742E+01
  0.53803013E+00 -0.63060522E+01
  0.54837687E+00 -0.63441658E+01
  0.55872360E+00 -0.63812574E+01
  0.56907033E+00 -0.64172557E+01
  0.57941707E+00 -0.64520745E+01
  0.58976380E+00 -0.64856150E+01
  0.60011053E+00 -0.65177740E+01
  0.61045727E+00 -0.65484564E+01
  0.62080400E+00 -0.65775895E+01
  0.63115073E+00 -0.66051376E+01
  0.64149747E+00 -0.66311120E+01
  0.65184420E+00 -0.66555752E+01
  0.66219093E+00 -0.66786381E+01
  0.67253767E+00 -0.67004506E+01
  0.68288440E+00 -0.67211891E+01
  0.69323113E+00 -0.67410418E+01
  0.70357786E+00 -0.67601965E+01
  0.71392460E+00 -0.67788310E+01
  0.72427133E+00 -0.67971072E+01
  0.73461806E+00 -0.68151678E+01
  0.74496480E+00 -0.68331344E+01
  0.75531153E+00 -0.68511065E+01
  0.76565826E+00 -0.68691612E+01
  0.77600500E+00 -0.68873542E+01
  0.78635173E+00 -0.69057242E+01
  0.79669846E+00 -0.69243012E+01
  0.80704520E+00 -0.69431180E+01
  0.81739193E+00 -0.69622247E+01
  0.82773866E+00 -0.69817005E+01
  0.83808540E+00 -0.70016604E+01
  0.84843213E+00 -0.70222517E+01
  0.85877886E+00 -0.70436386E+01
  0.86912560E+00 -0.70659744E+01
  0.87947233E+00 -0.70893655E+01
  0.88981906E+00 -0.71138335E+01
  0.90016580E+00 -0.71392830E+01
  0.91051253E+00 -0.71654850E+01
  0.92085926E+00 -0.71920789E+01
  0.93120600E+00 -0.72185948E+01
  0.94155273E+00 -0.72444920E+01
  0.95189946E+00 -0.72692051E+01
  0.96224620E+00 -0.72921888E+01
  0.97259293E+00 -0.73129542E+01
  0.98293966E+00 -0.73310927E+01
  0.99328640E+00 -0.73462848E+01
  0.10036331E+01 -0.73582973E+01
  0.10139799E+01 -0.73669721E+01
  0.10243266E+01 -0.73722115E+01
  0.10346261E+01 -0.73739633E+01
  0.10449255E+01 -0.73739414E+01
  0.10552250E+01 -0.73738696E+01
  0.10655245E+01 -0.73737299E+01
  0.10758239E+01 -0.73734929E+01
  0.10861234E+01 -0.73731193E+01
  0.10964228E+01 -0.73725614E+01
  0.11067223E+01 -0.73717654E+01
  0.11170218E+01 -0.73706731E+01
  0.11273212E+01 -0.73692248E+01
  0.11376207E+01 -0.73673616E+01
  0.11479202E+01 -0.73650279E+01
  0.11582196E+01 -0.73621740E+01
  0.11685191E+01 -0.73587581E+01
  0.11788186E+01 -0.73547491E+01
  0.11891180E+01 -0.73501284E+01
  0.11994175E+01 -0.73448920E+01
  0.12097170E+01 -0.73390520E+01
  0.12200164E+01 -0.73326384E+01
  0.12303159E+01 -0.73256993E+01
  0.12406153E+01 -0.73183020E+01
  0.12509148E+01 -0.73105312E+01
  0.12612143E+01 -0.73024876E+01
  0.12715137E+01 -0.72942845E+01
  0.12818132E+01 -0.72860426E+01
  0.12921127E+01 -0.72778847E+01
  0.13024121E+01 -0.72699277E+01
  0.13127116E+01 -0.72622749E+01
  0.13230111E+01 -0.72550087E+01
  0.13333105E+01 -0.72481826E+01
  0.13436100E+01 -0.72418158E+01
  0.13539095E+01 -0.72358897E+01
  0.13642089E+01 -0.72303463E+01
  0.13745084E+01 -0.72250903E+01
  0.13848078E+01 -0.72199935E+01
  0.13951073E+01 -0.72149021E+01
  0.14054068E+01 -0.72096469E+01
  0.14157062E+01 -0.72040559E+01
  0.14260057E+01 -0.71979689E+01
  0.14363052E+01 -0.71912536E+01
  0.14466046E+01 -0.71838229E+01
  0.14569041E+01 -0.71756506E+01
  0.14672036E+01 -0.71667857E+01
  0.14775030E+01 -0.71573606E+01
  0.14878025E+01 -0.71475933E+01
  0.14981020E+01 -0.71377787E+01
  0.15084014E+01 -0.71282699E+01
  0.15187009E+01 -0.71194472E+01
  0.15290003E+01 -0.71116774E+01
  0.15392998E+01 -0.71052682E+01
  0.15495993E+01 -0.71004250E+01
  0.15598987E+01 -0.70972209E+01
  0.15701982E+01 -0.70955872E+01
  0.15804977E+01 -0.70953294E+01
  0.15907971E+01 -0.70961670E+01
  0.16010966E+01 -0.70977858E+01
  0.16113961E+01 -0.71013340E+01
  0.16216955E+01 -0.71051607E+01
  0.16320845E+01 -0.71047364E+01
  0.16424736E+01 -0.71073235E+01
  0.16528626E+01 -0.71100375E+01
  0.16632516E+01 -0.71129940E+01
  0.16736406E+01 -0.71163377E+01
  0.16840297E+01 -0.71201928E+01
  0.16944187E+01 -0.71246045E+01
  0.17048077E+01 -0.71294776E+01
  0.17151967E+01 -0.71345233E+01
  0.17255858E+01 -0.71392262E+01
  0.17359748E+01 -0.71428453E+01
  0.17463638E+01 -0.71444537E+01
  0.17567528E+01 -0.71430150E+01
  0.17671419E+01 -0.71374877E+01
  0.17775309E+01 -0.71269443E+01
  0.17879199E+01 -0.71106886E+01
  0.17983089E+01 -0.70883574E+01
  0.18086980E+01 -0.70599914E+01
  0.18190870E+01 -0.70260622E+01
  0.18294760E+01 -0.69874455E+01
  0.18398650E+01 -0.69453322E+01
  0.18502541E+01 -0.69010821E+01
  0.18606431E+01 -0.68560358E+01
  0.18710321E+01 -0.68113202E+01
  0.18814211E+01 -0.67676926E+01
  0.18918102E+01 -0.67254648E+01
  0.19021992E+01 -0.66845265E+01
  0.19125882E+01 -0.66444527E+01
  0.19229772E+01 -0.66046582E+01
  0.19333663E+01 -0.65645541E+01
  0.19437553E+01 -0.65236742E+01
  0.19541443E+01 -0.64817528E+01
  0.19645333E+01 -0.64589690E+01
  0.19749224E+01 -0.64429450E+01
  0.19853114E+01 -0.64276370E+01
  0.19957004E+01 -0.64130529E+01
  0.20060894E+01 -0.63991970E+01
  0.20164785E+01 -0.63860686E+01
  0.20268675E+01 -0.63736620E+01
  0.20372565E+01 -0.63619664E+01
  0.20476455E+01 -0.63509650E+01
  0.20580346E+01 -0.63406343E+01
  0.20684236E+01 -0.63309435E+01
  0.20788126E+01 -0.63218532E+01
  0.20892016E+01 -0.63133142E+01
  0.20995907E+01 -0.63052662E+01
  0.21099797E+01 -0.62976367E+01
  0.21203687E+01 -0.62903394E+01
  0.21307577E+01 -0.62832737E+01
  0.21411468E+01 -0.62763240E+01
  0.21515358E+01 -0.62693601E+01
  0.21619248E+01 -0.62622380E+01
  0.21723138E+01 -0.62548015E+01
  0.21827029E+01 -0.62468851E+01
  0.21930919E+01 -0.62383175E+01
  0.22034809E+01 -0.62289255E+01
  0.22138699E+01 -0.62185396E+01
  0.22242590E+01 -0.62069986E+01
  0.22346480E+01 -0.61941553E+01
  0.22450370E+01 -0.61798810E+01
  0.22554260E+01 -0.61640697E+01
  0.22658151E+01 -0.61466413E+01
  0.22762041E+01 -0.61275423E+01
  0.22865931E+01 -0.61067470E+01
  0.22969821E+01 -0.60842550E+01
  0.23073712E+01 -0.60600895E+01
  0.23177602E+01 -0.60342933E+01
  0.23281492E+01 -0.60069250E+01
  0.23385382E+01 -0.59780545E+01
  0.23489273E+01 -0.59477597E+01
  0.23593163E+01 -0.59161223E+01
  0.23697053E+01 -0.58832256E+01
  0.23800943E+01 -0.58491522E+01
  0.23904834E+01 -0.58139832E+01
  0.24008724E+01 -0.57777976E+01
  0.24112614E+01 -0.57406729E+01
  0.24216504E+01 -0.57026856E+01
  0.24320395E+01 -0.56639122E+01
  0.24424285E+01 -0.56244308E+01
  0.24528175E+01 -0.55843220E+01
  0.24632065E+01 -0.55436698E+01
  0.24735956E+01 -0.55025622E+01
  0.24839846E+01 -0.54610917E+01
  0.24943736E+01 -0.54193549E+01
  0.25047626E+01 -0.53774516E+01
  0.25151517E+01 -0.53354846E+01
  0.25255407E+01 -0.52935580E+01
  0.25359297E+01 -0.52517758E+01
  0.25463187E+01 -0.52102413E+01
  0.25567078E+01 -0.51690551E+01
  0.25670968E+01 -0.51283147E+01
  0.25774858E+01 -0.50881139E+01
  0.25878748E+01 -0.50485423E+01
  0.25982639E+01 -0.50096855E+01
  0.26086529E+01 -0.50123796E+01
  0.26190419E+01 -0.50199602E+01
  0.26294309E+01 -0.50279267E+01
  0.26398200E+01 -0.50362360E+01
  0.26502090E+01 -0.50448460E+01
  0.26605980E+01 -0.50537153E+01
  0.26709870E+01 -0.50628018E+01
  0.26813761E+01 -0.50720598E+01
  0.26917651E+01 -0.50814362E+01
  0.27021541E+01 -0.50908662E+01
  0.27125431E+01 -0.51002697E+01
  0.27229322E+01 -0.51095492E+01
  0.27333212E+01 -0.51185896E+01
  0.27437102E+01 -0.51272592E+01
  0.27540992E+01 -0.51354133E+01
  0.27644883E+01 -0.51428994E+01
  0.27748773E+01 -0.51495632E+01
  0.27852663E+01 -0.51552560E+01
  0.27956553E+01 -0.51598422E+01
  0.28060444E+01 -0.51632068E+01
  0.28164334E+01 -0.51652623E+01
  0.28267801E+01 -0.51659537E+01
  
  0.00000000E+00 -0.45088421E+01
  0.10346733E-01 -0.45100939E+01
  0.20693467E-01 -0.45138391E+01
  0.31040200E-01 -0.45200474E+01
  0.41386933E-01 -0.45286708E+01
  0.51733667E-01 -0.45396469E+01
  0.62080400E-01 -0.45529035E+01
  0.72427133E-01 -0.45683622E+01
  0.82773866E-01 -0.45859432E+01
  0.93120600E-01 -0.46055681E+01
  0.10346733E+00 -0.46271621E+01
  0.11381407E+00 -0.46506559E+01
  0.12416080E+00 -0.46759846E+01
  0.13450753E+00 -0.47030867E+01
  0.14485427E+00 -0.47319014E+01
  0.15520100E+00 -0.47623654E+01
  0.16554773E+00 -0.47944090E+01
  0.17589447E+00 -0.48279525E+01
  0.18624120E+00 -0.48629039E+01
  0.19658793E+00 -0.48991571E+01
  0.20693467E+00 -0.49365928E+01
  0.21728140E+00 -0.49750802E+01
  0.22762813E+00 -0.50072003E+01
  0.23797487E+00 -0.50005637E+01
  0.24832160E+00 -0.49944431E+01
  0.25866833E+00 -0.49888942E+01
  0.26901507E+00 -0.49839680E+01
  0.27936180E+00 -0.49797078E+01
  0.28970853E+00 -0.49761450E+01
  0.30005527E+00 -0.49732968E+01
  0.31040200E+00 -0.49711646E+01
  0.32074873E+00 -0.49697341E+01
  0.33109547E+00 -0.49689774E+01
  0.34144220E+00 -0.49688571E+01
  0.35178893E+00 -0.49693323E+01
  0.36213567E+00 -0.49703652E+01
  0.37248240E+00 -0.49719278E+01
  0.38282913E+00 -0.49740067E+01
  0.39317587E+00 -0.49766063E+01
  0.40352260E+00 -0.49797478E+01
  0.41386933E+00 -0.49834661E+01
  0.42421607E+00 -0.49878024E+01
  0.43456280E+00 -0.49927972E+01
  0.44490953E+00 -0.49984816E+01
  0.45525627E+00 -0.50048701E+01
  0.46560300E+00 -0.50170648E+01
  0.47594973E+00 -0.50328600E+01
  0.48629647E+00 -0.50486259E+01
  0.49664320E+00 -0.50643422E+01
  0.50698993E+00 -0.50799845E+01
  0.51733667E+00 -0.50955274E+01
  0.52768340E+00 -0.51109465E+01
  0.53803013E+00 -0.51262203E+01
  0.54837687E+00 -0.51413323E+01
  0.55872360E+00 -0.51562708E+01
  0.56907033E+00 -0.51710292E+01
  0.57941707E+00 -0.51856044E+01
  0.58976380E+00 -0.51999956E+01
  0.60011053E+00 -0.52142022E+01
  0.61045727E+00 -0.52282221E+01
  0.62080400E+00 -0.52420505E+01
  0.63115073E+00 -0.52556788E+01
  0.64149747E+00 -0.52690952E+01
  0.65184420E+00 -0.52822847E+01
  0.66219093E+00 -0.52952310E+01
  0.67253767E+00 -0.53079181E+01
  0.68288440E+00 -0.53203322E+01
  0.69323113E+00 -0.53324632E+01
  0.70357786E+00 -0.53443057E+01
  0.71392460E+00 -0.53558599E+01
  0.72427133E+00 -0.53671308E+01
  0.73461806E+00 -0.53781271E+01
  0.74496480E+00 -0.53888593E+01
  0.75531153E+00 -0.53993375E+01
  0.76565826E+00 -0.54095691E+01
  0.77600500E+00 -0.54195569E+01
  0.78635173E+00 -0.54292970E+01
  0.79669846E+00 -0.54387787E+01
  0.80704520E+00 -0.54479844E+01
  0.81739193E+00 -0.54568907E+01
  0.82773866E+00 -0.54654704E+01
  0.83808540E+00 -0.54775866E+01
  0.84843213E+00 -0.54961393E+01
  0.85877886E+00 -0.55156710E+01
  0.86912560E+00 -0.55359541E+01
  0.87947233E+00 -0.55566854E+01
  0.88981906E+00 -0.55775273E+01
  0.90016580E+00 -0.55981486E+01
  0.91051253E+00 -0.56182575E+01
  0.92085926E+00 -0.56376193E+01
  0.93120600E+00 -0.56560570E+01
  0.94155273E+00 -0.56734365E+01
  0.95189946E+00 -0.56896443E+01
  0.96224620E+00 -0.57045637E+01
  0.97259293E+00 -0.57180571E+01
  0.98293966E+00 -0.57299590E+01
  0.99328640E+00 -0.57400802E+01
  0.10036331E+01 -0.57482222E+01
  0.10139799E+01 -0.57541970E+01
  0.10243266E+01 -0.57578501E+01
  0.10346261E+01 -0.57590796E+01
  0.10449255E+01 -0.57590995E+01
  0.10552250E+01 -0.57591613E+01
  0.10655245E+01 -0.57592703E+01
  0.10758239E+01 -0.57594354E+01
  0.10861234E+01 -0.57596673E+01
  0.10964228E+01 -0.57599784E+01
  0.11067223E+01 -0.57603818E+01
  0.11170218E+01 -0.57608913E+01
  0.11273212E+01 -0.57615219E+01
  0.11376207E+01 -0.57622907E+01
  0.11479202E+01 -0.57632192E+01
  0.11582196E+01 -0.57643354E+01
  0.11685191E+01 -0.57656760E+01
  0.11788186E+01 -0.57672885E+01
  0.11891180E+01 -0.57692323E+01
  0.11994175E+01 -0.57773703E+01
  0.12097170E+01 -0.58053997E+01
  0.12200164E+01 -0.58347738E+01
  0.12303159E+01 -0.58654345E+01
  0.12406153E+01 -0.58973267E+01
  0.12509148E+01 -0.59303982E+01
  0.12612143E+01 -0.59645981E+01
  0.12715137E+01 -0.59998756E+01
  0.12818132E+01 -0.60361779E+01
  0.12921127E+01 -0.60734470E+01
  0.13024121E+01 -0.61116179E+01
  0.13127116E+01 -0.61506158E+01
  0.13230111E+01 -0.61903545E+01
  0.13333105E+01 -0.62307351E+01
  0.13436100E+01 -0.62716460E+01
  0.13539095E+01 -0.63129636E+01
  0.13642089E+01 -0.63545537E+01
  0.13745084E+01 -0.63962742E+01
  0.13848078E+01 -0.64379783E+01
  0.13951073E+01 -0.64795178E+01
  0.14054068E+01 -0.65207468E+01
  0.14157062E+01 -0.65615251E+01
  0.14260057E+01 -0.66017212E+01
  0.14363052E+01 -0.66412141E+01
  0.14466046E+01 -0.66798946E+01
  0.14569041E+01 -0.67176652E+01
  0.14672036E+01 -0.67544388E+01
  0.14775030E+01 -0.67901365E+01
  0.14878025E+01 -0.68246838E+01
  0.14981020E+01 -0.68580061E+01
  0.15084014E+01 -0.68900226E+01
  0.15187009E+01 -0.69206401E+01
  0.15290003E+01 -0.69497449E+01
  0.15392998E+01 -0.69771941E+01
  0.15495993E+01 -0.70028066E+01
  0.15598987E+01 -0.70263527E+01
  0.15701982E+01 -0.70475469E+01
  0.15804977E+01 -0.70660438E+01
  0.15907971E+01 -0.70814474E+01
  0.16010966E+01 -0.70933390E+01
  0.16113961E+01 -0.70998919E+01
  0.16216955E+01 -0.71022552E+01
  0.16320845E+01 -0.71047362E+01
  0.16424736E+01 -0.71001440E+01
  0.16528626E+01 -0.70917238E+01
  0.16632516E+01 -0.70799541E+01
  0.16736406E+01 -0.70653524E+01
  0.16840297E+01 -0.70484119E+01
  0.16944187E+01 -0.70295685E+01
  0.17048077E+01 -0.70091937E+01
  0.17151967E+01 -0.69875991E+01
  0.17255858E+01 -0.69650467E+01
  0.17359748E+01 -0.69417585E+01
  0.17463638E+01 -0.69179249E+01
  0.17567528E+01 -0.68937111E+01
  0.17671419E+01 -0.68692606E+01
  0.17775309E+01 -0.68446991E+01
  0.17879199E+01 -0.68201356E+01
  0.17983089E+01 -0.67956648E+01
  0.18086980E+01 -0.67713679E+01
  0.18190870E+01 -0.67473144E+01
  0.18294760E+01 -0.67235632E+01
  0.18398650E+01 -0.67001644E+01
  0.18502541E+01 -0.66771609E+01
  0.18606431E+01 -0.66545897E+01
  0.18710321E+01 -0.66324840E+01
  0.18814211E+01 -0.66108736E+01
  0.18918102E+01 -0.65897867E+01
  0.19021992E+01 -0.65692500E+01
  0.19125882E+01 -0.65492896E+01
  0.19229772E+01 -0.65299306E+01
  0.19333663E+01 -0.65111971E+01
  0.19437553E+01 -0.64931121E+01
  0.19541443E+01 -0.64756965E+01
  0.19645333E+01 -0.64387509E+01
  0.19749224E+01 -0.63948344E+01
  0.19853114E+01 -0.63503143E+01
  0.19957004E+01 -0.63055615E+01
  0.20060894E+01 -0.62609125E+01
  0.20164785E+01 -0.62165855E+01
  0.20268675E+01 -0.61726295E+01
  0.20372565E+01 -0.61289199E+01
  0.20476455E+01 -0.60852053E+01
  0.20580346E+01 -0.60411913E+01
  0.20684236E+01 -0.59966356E+01
  0.20788126E+01 -0.59514279E+01
  0.20892016E+01 -0.59056331E+01
  0.20995907E+01 -0.58594928E+01
  0.21099797E+01 -0.58133898E+01
  0.21203687E+01 -0.57677892E+01
  0.21307577E+01 -0.57231743E+01
  0.21411468E+01 -0.56799892E+01
  0.21515358E+01 -0.56386018E+01
  0.21619248E+01 -0.55992866E+01
  0.21723138E+01 -0.55622258E+01
  0.21827029E+01 -0.55275180E+01
  0.21930919E+01 -0.54951853E+01
  0.22034809E+01 -0.54651738E+01
  0.22138699E+01 -0.54373462E+01
  0.22242590E+01 -0.54114756E+01
  0.22346480E+01 -0.53872479E+01
  0.22450370E+01 -0.53642827E+01
  0.22554260E+01 -0.53421700E+01
  0.22658151E+01 -0.53205172E+01
  0.22762041E+01 -0.52989924E+01
  0.22865931E+01 -0.52773549E+01
  0.22969821E+01 -0.52554666E+01
  0.23073712E+01 -0.52332861E+01
  0.23177602E+01 -0.52108487E+01
  0.23281492E+01 -0.51882416E+01
  0.23385382E+01 -0.51655786E+01
  0.23489273E+01 -0.51429828E+01
  0.23593163E+01 -0.51205769E+01
  0.23697053E+01 -0.50984859E+01
  0.23800943E+01 -0.50768494E+01
  0.23904834E+01 -0.50558480E+01
  0.24008724E+01 -0.50357586E+01
  0.24112614E+01 -0.50170702E+01
  0.24216504E+01 -0.50006808E+01
  0.24320395E+01 -0.49878540E+01
  0.24424285E+01 -0.49791234E+01
  0.24528175E+01 -0.49735527E+01
  0.24632065E+01 -0.49699694E+01
  0.24735956E+01 -0.49677142E+01
  0.24839846E+01 -0.49665032E+01
  0.24943736E+01 -0.49662235E+01
  0.25047626E+01 -0.49668254E+01
  0.25151517E+01 -0.49682742E+01
  0.25255407E+01 -0.49705323E+01
  0.25359297E+01 -0.49735558E+01
  0.25463187E+01 -0.49772972E+01
  0.25567078E+01 -0.49817094E+01
  0.25670968E+01 -0.49867483E+01
  0.25774858E+01 -0.49923732E+01
  0.25878748E+01 -0.49985457E+01
  0.25982639E+01 -0.50052276E+01
  0.26086529E+01 -0.49716260E+01
  0.26190419E+01 -0.49344435E+01
  0.26294309E+01 -0.48982166E+01
  0.26398200E+01 -0.48630236E+01
  0.26502090E+01 -0.48289443E+01
  0.26605980E+01 -0.47960603E+01
  0.26709870E+01 -0.47644571E+01
  0.26813761E+01 -0.47342235E+01
  0.26917651E+01 -0.47054531E+01
  0.27021541E+01 -0.46782431E+01
  0.27125431E+01 -0.46526941E+01
  0.27229322E+01 -0.46289092E+01
  0.27333212E+01 -0.46069922E+01
  0.27437102E+01 -0.45870461E+01
  0.27540992E+01 -0.45691709E+01
  0.27644883E+01 -0.45534614E+01
  0.27748773E+01 -0.45400054E+01
  0.27852663E+01 -0.45288813E+01
  0.27956553E+01 -0.45201562E+01
  0.28060444E+01 -0.45138841E+01
  0.28164334E+01 -0.45101046E+01
  0.28267801E+01 -0.45088421E+01
  
  0.00000000E+00 -0.45088417E+01
  0.10346733E-01 -0.45091565E+01
  0.20693467E-01 -0.45101076E+01
  0.31040200E-01 -0.45117149E+01
  0.41386933E-01 -0.45140078E+01
  0.51733667E-01 -0.45170206E+01
  0.62080400E-01 -0.45207867E+01
  0.72427133E-01 -0.45253326E+01
  0.82773866E-01 -0.45306722E+01
  0.93120600E-01 -0.45368034E+01
  0.10346733E+00 -0.45437053E+01
  0.11381407E+00 -0.45513385E+01
  0.12416080E+00 -0.45596475E+01
  0.13450753E+00 -0.45685649E+01
  0.14485427E+00 -0.45780170E+01
  0.15520100E+00 -0.45879305E+01
  0.16554773E+00 -0.45982388E+01
  0.17589447E+00 -0.46088877E+01
  0.18624120E+00 -0.46198392E+01
  0.19658793E+00 -0.46310743E+01
  0.20693467E+00 -0.46425920E+01
  0.21728140E+00 -0.46544078E+01
  0.22762813E+00 -0.46665487E+01
  0.23797487E+00 -0.46790484E+01
  0.24832160E+00 -0.46919406E+01
  0.25866833E+00 -0.47052532E+01
  0.26901507E+00 -0.47190027E+01
  0.27936180E+00 -0.47331907E+01
  0.28970853E+00 -0.47478017E+01
  0.30005527E+00 -0.47628032E+01
  0.31040200E+00 -0.47781476E+01
  0.32074873E+00 -0.47937759E+01
  0.33109547E+00 -0.48096226E+01
  0.34144220E+00 -0.48256208E+01
  0.35178893E+00 -0.48417074E+01
  0.36213567E+00 -0.48578279E+01
  0.37248240E+00 -0.48739395E+01
  0.38282913E+00 -0.48900127E+01
  0.39317587E+00 -0.49060318E+01
  0.40352260E+00 -0.49219930E+01
  0.41386933E+00 -0.49379019E+01
  0.42421607E+00 -0.49537702E+01
  0.43456280E+00 -0.49696113E+01
  0.44490953E+00 -0.49854371E+01
  0.45525627E+00 -0.50012548E+01
  0.46560300E+00 -0.50119557E+01
  0.47594973E+00 -0.50197069E+01
  0.48629647E+00 -0.50280682E+01
  0.49664320E+00 -0.50369622E+01
  0.50698993E+00 -0.50462950E+01
  0.51733667E+00 -0.50559634E+01
  0.52768340E+00 -0.50658644E+01
  0.53803013E+00 -0.50759057E+01
  0.54837687E+00 -0.50860179E+01
  0.55872360E+00 -0.50961650E+01
  0.56907033E+00 -0.51063531E+01
  0.57941707E+00 -0.51166334E+01
  0.58976380E+00 -0.51271003E+01
  0.60011053E+00 -0.51378812E+01
  0.61045727E+00 -0.51491206E+01
  0.62080400E+00 -0.51609596E+01
  0.63115073E+00 -0.51735149E+01
  0.64149747E+00 -0.51868591E+01
  0.65184420E+00 -0.52010079E+01
  0.66219093E+00 -0.52159135E+01
  0.67253767E+00 -0.52314681E+01
  0.68288440E+00 -0.52475130E+01
  0.69323113E+00 -0.52638552E+01
  0.70357786E+00 -0.52802862E+01
  0.71392460E+00 -0.52966028E+01
  0.72427133E+00 -0.53126267E+01
  0.73461806E+00 -0.53282233E+01
  0.74496480E+00 -0.53433175E+01
  0.75531153E+00 -0.53579063E+01
  0.76565826E+00 -0.53720663E+01
  0.77600500E+00 -0.53859530E+01
  0.78635173E+00 -0.53997912E+01
  0.79669846E+00 -0.54138534E+01
  0.80704520E+00 -0.54284294E+01
  0.81739193E+00 -0.54437874E+01
  0.82773866E+00 -0.54601352E+01
  0.83808540E+00 -0.54736952E+01
  0.84843213E+00 -0.54815377E+01
  0.85877886E+00 -0.54889746E+01
  0.86912560E+00 -0.54959884E+01
  0.87947233E+00 -0.55025685E+01
  0.88981906E+00 -0.55087116E+01
  0.90016580E+00 -0.55144212E+01
  0.91051253E+00 -0.55197057E+01
  0.92085926E+00 -0.55245765E+01
  0.93120600E+00 -0.55290450E+01
  0.94155273E+00 -0.55331209E+01
  0.95189946E+00 -0.55368094E+01
  0.96224620E+00 -0.55401105E+01
  0.97259293E+00 -0.55430181E+01
  0.98293966E+00 -0.55455207E+01
  0.99328640E+00 -0.55476027E+01
  0.10036331E+01 -0.55492468E+01
  0.10139799E+01 -0.55504359E+01
  0.10243266E+01 -0.55511557E+01
  0.10346261E+01 -0.55513967E+01
  0.10449255E+01 -0.55522858E+01
  0.10552250E+01 -0.55549547E+01
  0.10655245E+01 -0.55594077E+01
  0.10758239E+01 -0.55656508E+01
  0.10861234E+01 -0.55736904E+01
  0.10964228E+01 -0.55835307E+01
  0.11067223E+01 -0.55951722E+01
  0.11170218E+01 -0.56086093E+01
  0.11273212E+01 -0.56238290E+01
  0.11376207E+01 -0.56408094E+01
  0.11479202E+01 -0.56595194E+01
  0.11582196E+01 -0.56799190E+01
  0.11685191E+01 -0.57019604E+01
  0.11788186E+01 -0.57255891E+01
  0.11891180E+01 -0.57507462E+01
  0.11994175E+01 -0.57715780E+01
  0.12097170E+01 -0.57744055E+01
  0.12200164E+01 -0.57778002E+01
  0.12303159E+01 -0.57818466E+01
  0.12406153E+01 -0.57866221E+01
  0.12509148E+01 -0.57921887E+01
  0.12612143E+01 -0.57985861E+01
  0.12715137E+01 -0.58058255E+01
  0.12818132E+01 -0.58138859E+01
  0.12921127E+01 -0.58227127E+01
  0.13024121E+01 -0.58322214E+01
  0.13127116E+01 -0.58423033E+01
  0.13230111E+01 -0.58528356E+01
  0.13333105E+01 -0.58636936E+01
  0.13436100E+01 -0.58747651E+01
  0.13539095E+01 -0.58859642E+01
  0.13642089E+01 -0.58972447E+01
  0.13745084E+01 -0.59086099E+01
  0.13848078E+01 -0.59201197E+01
  0.13951073E+01 -0.59318911E+01
  0.14054068E+01 -0.59440939E+01
  0.14157062E+01 -0.59569393E+01
  0.14260057E+01 -0.59706623E+01
  0.14363052E+01 -0.59854971E+01
  0.14466046E+01 -0.60016500E+01
  0.14569041E+01 -0.60192680E+01
  0.14672036E+01 -0.60384097E+01
  0.14775030E+01 -0.60590208E+01
  0.14878025E+01 -0.60809176E+01
  0.14981020E+01 -0.61037836E+01
  0.15084014E+01 -0.61271812E+01
  0.15187009E+01 -0.61505804E+01
  0.15290003E+01 -0.61734021E+01
  0.15392998E+01 -0.61950719E+01
  0.15495993E+01 -0.62150761E+01
  0.15598987E+01 -0.62330083E+01
  0.15701982E+01 -0.62485964E+01
  0.15804977E+01 -0.62617046E+01
  0.15907971E+01 -0.62723100E+01
  0.16010966E+01 -0.62804628E+01
  0.16113961E+01 -0.62862399E+01
  0.16216955E+01 -0.62897029E+01
  0.16320845E+01 -0.62908673E+01
  0.16424736E+01 -0.62896562E+01
  0.16528626E+01 -0.62859340E+01
  0.16632516E+01 -0.62795111E+01
  0.16736406E+01 -0.62701483E+01
  0.16840297E+01 -0.62575867E+01
  0.16944187E+01 -0.62415913E+01
  0.17048077E+01 -0.62220021E+01
  0.17151967E+01 -0.61987866E+01
  0.17255858E+01 -0.61720794E+01
  0.17359748E+01 -0.61421984E+01
  0.17463638E+01 -0.61096310E+01
  0.17567528E+01 -0.60749899E+01
  0.17671419E+01 -0.60389466E+01
  0.17775309E+01 -0.60021523E+01
  0.17879199E+01 -0.59651579E+01
  0.17983089E+01 -0.59283459E+01
  0.18086980E+01 -0.58918833E+01
  0.18190870E+01 -0.58557077E+01
  0.18294760E+01 -0.58195537E+01
  0.18398650E+01 -0.57830264E+01
  0.18502541E+01 -0.57457186E+01
  0.18606431E+01 -0.57073566E+01
  0.18710321E+01 -0.56679419E+01
  0.18814211E+01 -0.56278481E+01
  0.18918102E+01 -0.55878344E+01
  0.19021992E+01 -0.55489626E+01
  0.19125882E+01 -0.55124366E+01
  0.19229772E+01 -0.54794064E+01
  0.19333663E+01 -0.54507827E+01
  0.19437553E+01 -0.54271005E+01
  0.19541443E+01 -0.54084464E+01
  0.19645333E+01 -0.53944556E+01
  0.19749224E+01 -0.53843715E+01
  0.19853114E+01 -0.53771553E+01
  0.19957004E+01 -0.53716288E+01
  0.20060894E+01 -0.53666308E+01
  0.20164785E+01 -0.53611609E+01
  0.20268675E+01 -0.53544862E+01
  0.20372565E+01 -0.53461916E+01
  0.20476455E+01 -0.53361670E+01
  0.20580346E+01 -0.53245425E+01
  0.20684236E+01 -0.53115970E+01
  0.20788126E+01 -0.52976677E+01
  0.20892016E+01 -0.52830812E+01
  0.20995907E+01 -0.52681166E+01
  0.21099797E+01 -0.52529973E+01
  0.21203687E+01 -0.52379015E+01
  0.21307577E+01 -0.52229795E+01
  0.21411468E+01 -0.52083661E+01
  0.21515358E+01 -0.51941817E+01
  0.21619248E+01 -0.51805208E+01
  0.21723138E+01 -0.51674347E+01
  0.21827029E+01 -0.51549179E+01
  0.21930919E+01 -0.51429061E+01
  0.22034809E+01 -0.51312919E+01
  0.22138699E+01 -0.51199549E+01
  0.22242590E+01 -0.51087969E+01
  0.22346480E+01 -0.50977694E+01
  0.22450370E+01 -0.50868842E+01
  0.22554260E+01 -0.50762037E+01
  0.22658151E+01 -0.50658170E+01
  0.22762041E+01 -0.50558133E+01
  0.22865931E+01 -0.50462605E+01
  0.22969821E+01 -0.50371964E+01
  0.23073712E+01 -0.50286305E+01
  0.23177602E+01 -0.50205539E+01
  0.23281492E+01 -0.50129507E+01
  0.23385382E+01 -0.50058075E+01
  0.23489273E+01 -0.49991151E+01
  0.23593163E+01 -0.49928622E+01
  0.23697053E+01 -0.49870221E+01
  0.23800943E+01 -0.49815305E+01
  0.23904834E+01 -0.49762549E+01
  0.24008724E+01 -0.49709391E+01
  0.24112614E+01 -0.49650902E+01
  0.24216504E+01 -0.49577872E+01
  0.24320395E+01 -0.49477331E+01
  0.24424285E+01 -0.49343579E+01
  0.24528175E+01 -0.49185672E+01
  0.24632065E+01 -0.49015149E+01
  0.24735956E+01 -0.48838582E+01
  0.24839846E+01 -0.48658974E+01
  0.24943736E+01 -0.48477790E+01
  0.25047626E+01 -0.48296013E+01
  0.25151517E+01 -0.48114564E+01
  0.25255407E+01 -0.47934422E+01
  0.25359297E+01 -0.47756594E+01
  0.25463187E+01 -0.47582028E+01
  0.25567078E+01 -0.47411527E+01
  0.25670968E+01 -0.47245698E+01
  0.25774858E+01 -0.47084938E+01
  0.25878748E+01 -0.46929464E+01
  0.25982639E+01 -0.46779368E+01
  0.26086529E+01 -0.46634669E+01
  0.26190419E+01 -0.46495377E+01
  0.26294309E+01 -0.46361525E+01
  0.26398200E+01 -0.46233196E+01
  0.26502090E+01 -0.46110530E+01
  0.26605980E+01 -0.45993724E+01
  0.26709870E+01 -0.45883027E+01
  0.26813761E+01 -0.45778727E+01
  0.26917651E+01 -0.45681135E+01
  0.27021541E+01 -0.45590570E+01
  0.27125431E+01 -0.45507330E+01
  0.27229322E+01 -0.45431665E+01
  0.27333212E+01 -0.45363753E+01
  0.27437102E+01 -0.45303679E+01
  0.27540992E+01 -0.45251424E+01
  0.27644883E+01 -0.45206872E+01
  0.27748773E+01 -0.45169826E+01
  0.27852663E+01 -0.45140033E+01
  0.27956553E+01 -0.45117225E+01
  0.28060444E+01 -0.45101145E+01
  0.28164334E+01 -0.45091588E+01
  0.28267801E+01 -0.45088417E+01
  
  0.00000000E+00 -0.22414683E+01
  0.10346733E-01 -0.22413451E+01
  0.20693467E-01 -0.22409776E+01
  0.31040200E-01 -0.22403720E+01
  0.41386933E-01 -0.22395385E+01
  0.51733667E-01 -0.22384914E+01
  0.62080400E-01 -0.22372483E+01
  0.72427133E-01 -0.22358308E+01
  0.82773866E-01 -0.22342637E+01
  0.93120600E-01 -0.22325745E+01
  0.10346733E+00 -0.22307933E+01
  0.11381407E+00 -0.22289517E+01
  0.12416080E+00 -0.22270824E+01
  0.13450753E+00 -0.22252176E+01
  0.14485427E+00 -0.22233884E+01
  0.15520100E+00 -0.22216238E+01
  0.16554773E+00 -0.22199498E+01
  0.17589447E+00 -0.22183891E+01
  0.18624120E+00 -0.22169607E+01
  0.19658793E+00 -0.22156805E+01
  0.20693467E+00 -0.22145611E+01
  0.21728140E+00 -0.22136123E+01
  0.22762813E+00 -0.22128423E+01
  0.23797487E+00 -0.22122576E+01
  0.24832160E+00 -0.22118637E+01
  0.25866833E+00 -0.22116655E+01
  0.26901507E+00 -0.22116673E+01
  0.27936180E+00 -0.22118727E+01
  0.28970853E+00 -0.22122849E+01
  0.30005527E+00 -0.22129057E+01
  0.31040200E+00 -0.22137361E+01
  0.32074873E+00 -0.22147751E+01
  0.33109547E+00 -0.22160202E+01
  0.34144220E+00 -0.22174666E+01
  0.35178893E+00 -0.22191082E+01
  0.36213567E+00 -0.22209368E+01
  0.37248240E+00 -0.22229432E+01
  0.38282913E+00 -0.22251175E+01
  0.39317587E+00 -0.22274494E+01
  0.40352260E+00 -0.22299287E+01
  0.41386933E+00 -0.22325462E+01
  0.42421607E+00 -0.22352932E+01
  0.43456280E+00 -0.22381621E+01
  0.44490953E+00 -0.22411463E+01
  0.45525627E+00 -0.22442400E+01
  0.46560300E+00 -0.22474381E+01
  0.47594973E+00 -0.22507353E+01
  0.48629647E+00 -0.22541266E+01
  0.49664320E+00 -0.22576061E+01
  0.50698993E+00 -0.22611674E+01
  0.51733667E+00 -0.22648031E+01
  0.52768340E+00 -0.22685045E+01
  0.53803013E+00 -0.22722623E+01
  0.54837687E+00 -0.22760663E+01
  0.55872360E+00 -0.22799058E+01
  0.56907033E+00 -0.22837699E+01
  0.57941707E+00 -0.22876480E+01
  0.58976380E+00 -0.22915301E+01
  0.60011053E+00 -0.22954068E+01
  0.61045727E+00 -0.22992697E+01
  0.62080400E+00 -0.23031118E+01
  0.63115073E+00 -0.23069266E+01
  0.64149747E+00 -0.23107088E+01
  0.65184420E+00 -0.23144539E+01
  0.66219093E+00 -0.23181578E+01
  0.67253767E+00 -0.23218167E+01
  0.68288440E+00 -0.23254271E+01
  0.69323113E+00 -0.23289855E+01
  0.70357786E+00 -0.23324881E+01
  0.71392460E+00 -0.23359310E+01
  0.72427133E+00 -0.23393100E+01
  0.73461806E+00 -0.23426207E+01
  0.74496480E+00 -0.23458587E+01
  0.75531153E+00 -0.23490191E+01
  0.76565826E+00 -0.23520974E+01
  0.77600500E+00 -0.23550891E+01
  0.78635173E+00 -0.23579897E+01
  0.79669846E+00 -0.23607954E+01
  0.80704520E+00 -0.23635025E+01
  0.81739193E+00 -0.23661079E+01
  0.82773866E+00 -0.23686088E+01
  0.83808540E+00 -0.23710027E+01
  0.84843213E+00 -0.23732876E+01
  0.85877886E+00 -0.23754616E+01
  0.86912560E+00 -0.23775229E+01
  0.87947233E+00 -0.23794699E+01
  0.88981906E+00 -0.23813010E+01
  0.90016580E+00 -0.23830145E+01
  0.91051253E+00 -0.23846090E+01
  0.92085926E+00 -0.23860828E+01
  0.93120600E+00 -0.23874345E+01
  0.94155273E+00 -0.23886625E+01
  0.95189946E+00 -0.23897654E+01
  0.96224620E+00 -0.23907419E+01
  0.97259293E+00 -0.23915909E+01
  0.98293966E+00 -0.23923112E+01
  0.99328640E+00 -0.23929019E+01
  0.10036331E+01 -0.23933622E+01
  0.10139799E+01 -0.23936914E+01
  0.10243266E+01 -0.23938891E+01
  0.10346261E+01 -0.23939551E+01
  0.10449255E+01 -0.23934075E+01
  0.10552250E+01 -0.23917678E+01
  0.10655245E+01 -0.23890456E+01
  0.10758239E+01 -0.23852569E+01
  0.10861234E+01 -0.23804236E+01
  0.10964228E+01 -0.23745737E+01
  0.11067223E+01 -0.23677407E+01
  0.11170218E+01 -0.23599633E+01
  0.11273212E+01 -0.23512848E+01
  0.11376207E+01 -0.23417524E+01
  0.11479202E+01 -0.23314166E+01
  0.11582196E+01 -0.23203302E+01
  0.11685191E+01 -0.23085476E+01
  0.11788186E+01 -0.22961242E+01
  0.11891180E+01 -0.22831151E+01
  0.11994175E+01 -0.22695750E+01
  0.12097170E+01 -0.22555574E+01
  0.12200164E+01 -0.22411143E+01
  0.12303159E+01 -0.22262957E+01
  0.12406153E+01 -0.22111497E+01
  0.12509148E+01 -0.21957223E+01
  0.12612143E+01 -0.21800574E+01
  0.12715137E+01 -0.21641969E+01
  0.12818132E+01 -0.21481808E+01
  0.12921127E+01 -0.21320472E+01
  0.13024121E+01 -0.21158326E+01
  0.13127116E+01 -0.20995716E+01
  0.13230111E+01 -0.20832972E+01
  0.13333105E+01 -0.20670409E+01
  0.13436100E+01 -0.20508324E+01
  0.13539095E+01 -0.20346999E+01
  0.13642089E+01 -0.20186699E+01
  0.13745084E+01 -0.20027673E+01
  0.13848078E+01 -0.19870158E+01
  0.13951073E+01 -0.19714375E+01
  0.14054068E+01 -0.19560534E+01
  0.14157062E+01 -0.19408839E+01
  0.14260057E+01 -0.19259482E+01
  0.14363052E+01 -0.19112656E+01
  0.14466046E+01 -0.18968552E+01
  0.14569041E+01 -0.18827364E+01
  0.14672036E+01 -0.18689292E+01
  0.14775030E+01 -0.18554550E+01
  0.14878025E+01 -0.18423364E+01
  0.14981020E+01 -0.18295982E+01
  0.15084014E+01 -0.18172679E+01
  0.15187009E+01 -0.18053759E+01
  0.15290003E+01 -0.17939566E+01
  0.15392998E+01 -0.17830489E+01
  0.15495993E+01 -0.17726967E+01
  0.15598987E+01 -0.17629496E+01
  0.15701982E+01 -0.17538631E+01
  0.15804977E+01 -0.17454981E+01
  0.15907971E+01 -0.17379196E+01
  0.16010966E+01 -0.17311943E+01
  0.16113961E+01 -0.17253862E+01
  0.16216955E+01 -0.17205514E+01
  0.16320845E+01 -0.17167309E+01
  0.16424736E+01 -0.17200897E+01
  0.16528626E+01 -0.17235003E+01
  0.16632516E+01 -0.17269602E+01
  0.16736406E+01 -0.17304679E+01
  0.16840297E+01 -0.17340231E+01
  0.16944187E+01 -0.17376262E+01
  0.17048077E+01 -0.17412783E+01
  0.17151967E+01 -0.17449807E+01
  0.17255858E+01 -0.17487347E+01
  0.17359748E+01 -0.17525414E+01
  0.17463638E+01 -0.17564011E+01
  0.17567528E+01 -0.17603134E+01
  0.17671419E+01 -0.17642771E+01
  0.17775309E+01 -0.17682901E+01
  0.17879199E+01 -0.17723500E+01
  0.17983089E+01 -0.17764537E+01
  0.18086980E+01 -0.17805982E+01
  0.18190870E+01 -0.17847807E+01
  0.18294760E+01 -0.17889988E+01
  0.18398650E+01 -0.17932511E+01
  0.18502541E+01 -0.17975369E+01
  0.18606431E+01 -0.18018567E+01
  0.18710321E+01 -0.18062116E+01
  0.18814211E+01 -0.18106040E+01
  0.18918102E+01 -0.18150366E+01
  0.19021992E+01 -0.18195123E+01
  0.19125882E+01 -0.18240342E+01
  0.19229772E+01 -0.18296967E+01
  0.19333663E+01 -0.18357345E+01
  0.19437553E+01 -0.18417562E+01
  0.19541443E+01 -0.18477551E+01
  0.19645333E+01 -0.18537243E+01
  0.19749224E+01 -0.18596576E+01
  0.19853114E+01 -0.18655488E+01
  0.19957004E+01 -0.18713925E+01
  0.20060894E+01 -0.18771839E+01
  0.20164785E+01 -0.18829187E+01
  0.20268675E+01 -0.18885937E+01
  0.20372565E+01 -0.18942060E+01
  0.20476455E+01 -0.18997536E+01
  0.20580346E+01 -0.19052348E+01
  0.20684236E+01 -0.19106485E+01
  0.20788126E+01 -0.19159935E+01
  0.20892016E+01 -0.19212690E+01
  0.20995907E+01 -0.19264741E+01
  0.21099797E+01 -0.19316077E+01
  0.21203687E+01 -0.19366689E+01
  0.21307577E+01 -0.19416567E+01
  0.21411468E+01 -0.19465700E+01
  0.21515358E+01 -0.19514083E+01
  0.21619248E+01 -0.19561711E+01
  0.21723138E+01 -0.19608585E+01
  0.21827029E+01 -0.19654712E+01
  0.21930919E+01 -0.19700109E+01
  0.22034809E+01 -0.19744797E+01
  0.22138699E+01 -0.19788808E+01
  0.22242590E+01 -0.19832183E+01
  0.22346480E+01 -0.19874970E+01
  0.22450370E+01 -0.19917222E+01
  0.22554260E+01 -0.19958999E+01
  0.22658151E+01 -0.20000364E+01
  0.22762041E+01 -0.20041383E+01
  0.22865931E+01 -0.20095690E+01
  0.22969821E+01 -0.20152111E+01
  0.23073712E+01 -0.20208961E+01
  0.23177602E+01 -0.20266280E+01
  0.23281492E+01 -0.20324091E+01
  0.23385382E+01 -0.20382400E+01
  0.23489273E+01 -0.20441191E+01
  0.23593163E+01 -0.20500431E+01
  0.23697053E+01 -0.20560068E+01
  0.23800943E+01 -0.20620040E+01
  0.23904834E+01 -0.20680274E+01
  0.24008724E+01 -0.20740696E+01
  0.24112614E+01 -0.20801235E+01
  0.24216504E+01 -0.20861822E+01
  0.24320395E+01 -0.20922399E+01
  0.24424285E+01 -0.20982911E+01
  0.24528175E+01 -0.21043310E+01
  0.24632065E+01 -0.21103548E+01
  0.24735956E+01 -0.21163576E+01
  0.24839846E+01 -0.21223333E+01
  0.24943736E+01 -0.21282750E+01
  0.25047626E+01 -0.21341738E+01
  0.25151517E+01 -0.21400197E+01
  0.25255407E+01 -0.21458012E+01
  0.25359297E+01 -0.21515056E+01
  0.25463187E+01 -0.21571197E+01
  0.25567078E+01 -0.21626303E+01
  0.25670968E+01 -0.21680245E+01
  0.25774858E+01 -0.21732904E+01
  0.25878748E+01 -0.21784172E+01
  0.25982639E+01 -0.21833953E+01
  0.26086529E+01 -0.21882163E+01
  0.26190419E+01 -0.21928730E+01
  0.26294309E+01 -0.21973588E+01
  0.26398200E+01 -0.22016676E+01
  0.26502090E+01 -0.22057930E+01
  0.26605980E+01 -0.22097285E+01
  0.26709870E+01 -0.22134671E+01
  0.26813761E+01 -0.22170010E+01
  0.26917651E+01 -0.22203217E+01
  0.27021541E+01 -0.22234209E+01
  0.27125431E+01 -0.22262901E+01
  0.27229322E+01 -0.22289218E+01
  0.27333212E+01 -0.22313096E+01
  0.27437102E+01 -0.22334486E+01
  0.27540992E+01 -0.22353355E+01
  0.27644883E+01 -0.22369687E+01
  0.27748773E+01 -0.22383480E+01
  0.27852663E+01 -0.22394740E+01
  0.27956553E+01 -0.22403477E+01
  0.28060444E+01 -0.22409707E+01
  0.28164334E+01 -0.22413439E+01
  0.28267801E+01 -0.22414683E+01
  
  0.00000000E+00 -0.22414682E+01
  0.10346733E-01 -0.22411832E+01
  0.20693467E-01 -0.22403290E+01
  0.31040200E-01 -0.22389086E+01
  0.41386933E-01 -0.22369269E+01
  0.51733667E-01 -0.22343907E+01
  0.62080400E-01 -0.22313088E+01
  0.72427133E-01 -0.22276919E+01
  0.82773866E-01 -0.22235529E+01
  0.93120600E-01 -0.22189060E+01
  0.10346733E+00 -0.22137674E+01
  0.11381407E+00 -0.22081543E+01
  0.12416080E+00 -0.22020854E+01
  0.13450753E+00 -0.21955803E+01
  0.14485427E+00 -0.21886591E+01
  0.15520100E+00 -0.21813428E+01
  0.16554773E+00 -0.21736528E+01
  0.17589447E+00 -0.21656108E+01
  0.18624120E+00 -0.21572390E+01
  0.19658793E+00 -0.21485601E+01
  0.20693467E+00 -0.21395971E+01
  0.21728140E+00 -0.21303732E+01
  0.22762813E+00 -0.21209122E+01
  0.23797487E+00 -0.21112379E+01
  0.24832160E+00 -0.21013742E+01
  0.25866833E+00 -0.20913448E+01
  0.26901507E+00 -0.20811731E+01
  0.27936180E+00 -0.20708821E+01
  0.28970853E+00 -0.20604938E+01
  0.30005527E+00 -0.20500296E+01
  0.31040200E+00 -0.20395097E+01
  0.32074873E+00 -0.20289534E+01
  0.33109547E+00 -0.20183787E+01
  0.34144220E+00 -0.20078027E+01
  0.35178893E+00 -0.19972414E+01
  0.36213567E+00 -0.19867099E+01
  0.37248240E+00 -0.19762222E+01
  0.38282913E+00 -0.19657918E+01
  0.39317587E+00 -0.19554311E+01
  0.40352260E+00 -0.19451521E+01
  0.41386933E+00 -0.19349660E+01
  0.42421607E+00 -0.19248836E+01
  0.43456280E+00 -0.19149153E+01
  0.44490953E+00 -0.19050710E+01
  0.45525627E+00 -0.18953606E+01
  0.46560300E+00 -0.18857935E+01
  0.47594973E+00 -0.18763788E+01
  0.48629647E+00 -0.18671254E+01
  0.49664320E+00 -0.18580416E+01
  0.50698993E+00 -0.18491349E+01
  0.51733667E+00 -0.18404123E+01
  0.52768340E+00 -0.18318794E+01
  0.53803013E+00 -0.18235407E+01
  0.54837687E+00 -0.18153990E+01
  0.55872360E+00 -0.18074559E+01
  0.56907033E+00 -0.17997114E+01
  0.57941707E+00 -0.17921640E+01
  0.58976380E+00 -0.17848115E+01
  0.60011053E+00 -0.17776508E+01
  0.61045727E+00 -0.17706786E+01
  0.62080400E+00 -0.17638917E+01
  0.63115073E+00 -0.17572876E+01
  0.64149747E+00 -0.17508646E+01
  0.65184420E+00 -0.17446221E+01
  0.66219093E+00 -0.17385605E+01
  0.67253767E+00 -0.17326815E+01
  0.68288440E+00 -0.17269873E+01
  0.69323113E+00 -0.17214806E+01
  0.70357786E+00 -0.17161640E+01
  0.71392460E+00 -0.17110397E+01
  0.72427133E+00 -0.17061089E+01
  0.73461806E+00 -0.17013718E+01
  0.74496480E+00 -0.16968272E+01
  0.75531153E+00 -0.16924724E+01
  0.76565826E+00 -0.16883037E+01
  0.77600500E+00 -0.16843162E+01
  0.78635173E+00 -0.16805048E+01
  0.79669846E+00 -0.16768641E+01
  0.80704520E+00 -0.16733890E+01
  0.81739193E+00 -0.16700751E+01
  0.82773866E+00 -0.16669190E+01
  0.83808540E+00 -0.16639184E+01
  0.84843213E+00 -0.16610719E+01
  0.85877886E+00 -0.16583794E+01
  0.86912560E+00 -0.16558413E+01
  0.87947233E+00 -0.16534586E+01
  0.88981906E+00 -0.16512323E+01
  0.90016580E+00 -0.16491635E+01
  0.91051253E+00 -0.16472530E+01
  0.92085926E+00 -0.16455009E+01
  0.93120600E+00 -0.16439070E+01
  0.94155273E+00 -0.16424707E+01
  0.95189946E+00 -0.16411908E+01
  0.96224620E+00 -0.16400659E+01
  0.97259293E+00 -0.16390947E+01
  0.98293966E+00 -0.16382756E+01
  0.99328640E+00 -0.16376074E+01
  0.10036331E+01 -0.16370888E+01
  0.10139799E+01 -0.16367190E+01
  0.10243266E+01 -0.16364974E+01
  0.10346261E+01 -0.16364236E+01
  0.10449255E+01 -0.16364412E+01
  0.10552250E+01 -0.16364935E+01
  0.10655245E+01 -0.16365790E+01
  0.10758239E+01 -0.16366956E+01
  0.10861234E+01 -0.16368408E+01
  0.10964228E+01 -0.16370121E+01
  0.11067223E+01 -0.16372075E+01
  0.11170218E+01 -0.16374260E+01
  0.11273212E+01 -0.16376679E+01
  0.11376207E+01 -0.16379348E+01
  0.11479202E+01 -0.16382296E+01
  0.11582196E+01 -0.16385565E+01
  0.11685191E+01 -0.16389201E+01
  0.11788186E+01 -0.16393253E+01
  0.11891180E+01 -0.16397766E+01
  0.11994175E+01 -0.16402776E+01
  0.12097170E+01 -0.16408305E+01
  0.12200164E+01 -0.16414363E+01
  0.12303159E+01 -0.16420944E+01
  0.12406153E+01 -0.16428033E+01
  0.12509148E+01 -0.16435607E+01
  0.12612143E+01 -0.16443638E+01
  0.12715137E+01 -0.16452104E+01
  0.12818132E+01 -0.16460989E+01
  0.12921127E+01 -0.16470290E+01
  0.13024121E+01 -0.16480017E+01
  0.13127116E+01 -0.16490196E+01
  0.13230111E+01 -0.16500871E+01
  0.13333105E+01 -0.16512094E+01
  0.13436100E+01 -0.16523930E+01
  0.13539095E+01 -0.16536444E+01
  0.13642089E+01 -0.16549699E+01
  0.13745084E+01 -0.16563751E+01
  0.13848078E+01 -0.16578641E+01
  0.13951073E+01 -0.16594397E+01
  0.14054068E+01 -0.16611025E+01
  0.14157062E+01 -0.16628518E+01
  0.14260057E+01 -0.16646855E+01
  0.14363052E+01 -0.16666003E+01
  0.14466046E+01 -0.16685927E+01
  0.14569041E+01 -0.16706590E+01
  0.14672036E+01 -0.16727962E+01
  0.14775030E+01 -0.16750021E+01
  0.14878025E+01 -0.16772755E+01
  0.14981020E+01 -0.16796165E+01
  0.15084014E+01 -0.16820262E+01
  0.15187009E+01 -0.16845064E+01
  0.15290003E+01 -0.16870596E+01
  0.15392998E+01 -0.16896880E+01
  0.15495993E+01 -0.16923936E+01
  0.15598987E+01 -0.16951776E+01
  0.15701982E+01 -0.16980402E+01
  0.15804977E+01 -0.17009803E+01
  0.15907971E+01 -0.17039955E+01
  0.16010966E+01 -0.17070824E+01
  0.16113961E+01 -0.17102370E+01
  0.16216955E+01 -0.17134547E+01
  0.16320845E+01 -0.17167307E+01
  0.16424736E+01 -0.17139266E+01
  0.16528626E+01 -0.17121686E+01
  0.16632516E+01 -0.17114230E+01
  0.16736406E+01 -0.17116309E+01
  0.16840297E+01 -0.17127143E+01
  0.16944187E+01 -0.17145834E+01
  0.17048077E+01 -0.17171440E+01
  0.17151967E+01 -0.17203035E+01
  0.17255858E+01 -0.17239751E+01
  0.17359748E+01 -0.17280801E+01
  0.17463638E+01 -0.17325487E+01
  0.17567528E+01 -0.17373204E+01
  0.17671419E+01 -0.17423433E+01
  0.17775309E+01 -0.17475733E+01
  0.17879199E+01 -0.17529732E+01
  0.17983089E+01 -0.17585120E+01
  0.18086980E+01 -0.17641640E+01
  0.18190870E+01 -0.17699080E+01
  0.18294760E+01 -0.17757266E+01
  0.18398650E+01 -0.17816056E+01
  0.18502541E+01 -0.17875331E+01
  0.18606431E+01 -0.17934994E+01
  0.18710321E+01 -0.17994963E+01
  0.18814211E+01 -0.18055163E+01
  0.18918102E+01 -0.18115528E+01
  0.19021992E+01 -0.18175993E+01
  0.19125882E+01 -0.18236494E+01
  0.19229772E+01 -0.18286048E+01
  0.19333663E+01 -0.18332263E+01
  0.19437553E+01 -0.18378995E+01
  0.19541443E+01 -0.18426242E+01
  0.19645333E+01 -0.18473992E+01
  0.19749224E+01 -0.18522219E+01
  0.19853114E+01 -0.18570885E+01
  0.19957004E+01 -0.18619948E+01
  0.20060894E+01 -0.18669357E+01
  0.20164785E+01 -0.18719064E+01
  0.20268675E+01 -0.18769022E+01
  0.20372565E+01 -0.18819195E+01
  0.20476455E+01 -0.18869555E+01
  0.20580346E+01 -0.18920086E+01
  0.20684236E+01 -0.18970787E+01
  0.20788126E+01 -0.19021670E+01
  0.20892016E+01 -0.19072755E+01
  0.20995907E+01 -0.19124072E+01
  0.21099797E+01 -0.19175653E+01
  0.21203687E+01 -0.19227528E+01
  0.21307577E+01 -0.19279725E+01
  0.21411468E+01 -0.19332259E+01
  0.21515358E+01 -0.19385139E+01
  0.21619248E+01 -0.19438357E+01
  0.21723138E+01 -0.19491897E+01
  0.21827029E+01 -0.19545731E+01
  0.21930919E+01 -0.19599828E+01
  0.22034809E+01 -0.19654153E+01
  0.22138699E+01 -0.19708675E+01
  0.22242590E+01 -0.19763372E+01
  0.22346480E+01 -0.19818234E+01
  0.22450370E+01 -0.19873265E+01
  0.22554260E+01 -0.19928486E+01
  0.22658151E+01 -0.19983932E+01
  0.22762041E+01 -0.20039648E+01
  0.22865931E+01 -0.20082121E+01
  0.22969821E+01 -0.20122645E+01
  0.23073712E+01 -0.20163019E+01
  0.23177602E+01 -0.20203305E+01
  0.23281492E+01 -0.20243564E+01
  0.23385382E+01 -0.20283856E+01
  0.23489273E+01 -0.20324240E+01
  0.23593163E+01 -0.20364776E+01
  0.23697053E+01 -0.20405524E+01
  0.23800943E+01 -0.20446548E+01
  0.23904834E+01 -0.20487910E+01
  0.24008724E+01 -0.20529681E+01
  0.24112614E+01 -0.20571928E+01
  0.24216504E+01 -0.20614725E+01
  0.24320395E+01 -0.20658143E+01
  0.24424285E+01 -0.20702252E+01
  0.24528175E+01 -0.20747123E+01
  0.24632065E+01 -0.20792818E+01
  0.24735956E+01 -0.20839397E+01
  0.24839846E+01 -0.20886908E+01
  0.24943736E+01 -0.20935392E+01
  0.25047626E+01 -0.20984880E+01
  0.25151517E+01 -0.21035390E+01
  0.25255407E+01 -0.21086931E+01
  0.25359297E+01 -0.21139495E+01
  0.25463187E+01 -0.21193066E+01
  0.25567078E+01 -0.21247613E+01
  0.25670968E+01 -0.21303092E+01
  0.25774858E+01 -0.21359441E+01
  0.25878748E+01 -0.21416586E+01
  0.25982639E+01 -0.21474432E+01
  0.26086529E+01 -0.21532862E+01
  0.26190419E+01 -0.21591739E+01
  0.26294309E+01 -0.21650895E+01
  0.26398200E+01 -0.21710135E+01
  0.26502090E+01 -0.21769233E+01
  0.26605980E+01 -0.21827927E+01
  0.26709870E+01 -0.21885923E+01
  0.26813761E+01 -0.21942893E+01
  0.26917651E+01 -0.21998480E+01
  0.27021541E+01 -0.22052298E+01
  0.27125431E+01 -0.22103940E+01
  0.27229322E+01 -0.22152985E+01
  0.27333212E+01 -0.22199004E+01
  0.27437102E+01 -0.22241571E+01
  0.27540992E+01 -0.22280271E+01
  0.27644883E+01 -0.22314710E+01
  0.27748773E+01 -0.22344525E+01
  0.27852663E+01 -0.22369392E+01
  0.27956553E+01 -0.22389034E+01
  0.28060444E+01 -0.22403227E+01
  0.28164334E+01 -0.22411810E+01
  0.28267801E+01 -0.22414682E+01
  
  0.00000000E+00 -0.15998252E+01
  0.10346733E-01 -0.15996585E+01
  0.20693467E-01 -0.15991591E+01
  0.31040200E-01 -0.15983290E+01
  0.41386933E-01 -0.15971715E+01
  0.51733667E-01 -0.15956912E+01
  0.62080400E-01 -0.15938934E+01
  0.72427133E-01 -0.15917845E+01
  0.82773866E-01 -0.15893716E+01
  0.93120600E-01 -0.15866626E+01
  0.10346733E+00 -0.15836664E+01
  0.11381407E+00 -0.15803928E+01
  0.12416080E+00 -0.15768530E+01
  0.13450753E+00 -0.15730594E+01
  0.14485427E+00 -0.15690257E+01
  0.15520100E+00 -0.15647673E+01
  0.16554773E+00 -0.15603004E+01
  0.17589447E+00 -0.15556424E+01
  0.18624120E+00 -0.15508108E+01
  0.19658793E+00 -0.15458234E+01
  0.20693467E+00 -0.15406971E+01
  0.21728140E+00 -0.15354480E+01
  0.22762813E+00 -0.15300911E+01
  0.23797487E+00 -0.15246395E+01
  0.24832160E+00 -0.15191053E+01
  0.25866833E+00 -0.15134991E+01
  0.26901507E+00 -0.15078310E+01
  0.27936180E+00 -0.15021105E+01
  0.28970853E+00 -0.14963472E+01
  0.30005527E+00 -0.14905513E+01
  0.31040200E+00 -0.14847341E+01
  0.32074873E+00 -0.14789077E+01
  0.33109547E+00 -0.14730853E+01
  0.34144220E+00 -0.14672811E+01
  0.35178893E+00 -0.14615094E+01
  0.36213567E+00 -0.14557847E+01
  0.37248240E+00 -0.14501207E+01
  0.38282913E+00 -0.14445298E+01
  0.39317587E+00 -0.14390230E+01
  0.40352260E+00 -0.14336088E+01
  0.41386933E+00 -0.14282939E+01
  0.42421607E+00 -0.14230829E+01
  0.43456280E+00 -0.14179782E+01
  0.44490953E+00 -0.14129814E+01
  0.45525627E+00 -0.14080929E+01
  0.46560300E+00 -0.14033131E+01
  0.47594973E+00 -0.13986424E+01
  0.48629647E+00 -0.13940823E+01
  0.49664320E+00 -0.13896353E+01
  0.50698993E+00 -0.13853049E+01
  0.51733667E+00 -0.13810958E+01
  0.52768340E+00 -0.13770132E+01
  0.53803013E+00 -0.13730628E+01
  0.54837687E+00 -0.13692500E+01
  0.55872360E+00 -0.13655797E+01
  0.56907033E+00 -0.13620555E+01
  0.57941707E+00 -0.13586798E+01
  0.58976380E+00 -0.13554534E+01
  0.60011053E+00 -0.13523756E+01
  0.61045727E+00 -0.13494448E+01
  0.62080400E+00 -0.13466583E+01
  0.63115073E+00 -0.13440131E+01
  0.64149747E+00 -0.13415063E+01
  0.65184420E+00 -0.13391353E+01
  0.66219093E+00 -0.13368982E+01
  0.67253767E+00 -0.13347939E+01
  0.68288440E+00 -0.13328221E+01
  0.69323113E+00 -0.13309829E+01
  0.70357786E+00 -0.13292766E+01
  0.71392460E+00 -0.13277032E+01
  0.72427133E+00 -0.13262621E+01
  0.73461806E+00 -0.13249517E+01
  0.74496480E+00 -0.13237691E+01
  0.75531153E+00 -0.13227101E+01
  0.76565826E+00 -0.13217692E+01
  0.77600500E+00 -0.13209401E+01
  0.78635173E+00 -0.13202155E+01
  0.79669846E+00 -0.13195878E+01
  0.80704520E+00 -0.13190494E+01
  0.81739193E+00 -0.13185930E+01
  0.82773866E+00 -0.13182120E+01
  0.83808540E+00 -0.13179000E+01
  0.84843213E+00 -0.13176517E+01
  0.85877886E+00 -0.13174618E+01
  0.86912560E+00 -0.13173256E+01
  0.87947233E+00 -0.13172383E+01
  0.88981906E+00 -0.13171947E+01
  0.90016580E+00 -0.13171894E+01
  0.91051253E+00 -0.13172163E+01
  0.92085926E+00 -0.13172691E+01
  0.93120600E+00 -0.13173412E+01
  0.94155273E+00 -0.13174258E+01
  0.95189946E+00 -0.13175167E+01
  0.96224620E+00 -0.13176081E+01
  0.97259293E+00 -0.13176952E+01
  0.98293966E+00 -0.13177739E+01
  0.99328640E+00 -0.13178414E+01
  0.10036331E+01 -0.13178956E+01
  0.10139799E+01 -0.13179350E+01
  0.10243266E+01 -0.13179590E+01
  0.10346261E+01 -0.13179670E+01
  0.10449255E+01 -0.13180656E+01
  0.10552250E+01 -0.13183615E+01
  0.10655245E+01 -0.13188542E+01
  0.10758239E+01 -0.13195433E+01
  0.10861234E+01 -0.13204280E+01
  0.10964228E+01 -0.13215076E+01
  0.11067223E+01 -0.13227810E+01
  0.11170218E+01 -0.13242474E+01
  0.11273212E+01 -0.13259057E+01
  0.11376207E+01 -0.13277547E+01
  0.11479202E+01 -0.13297935E+01
  0.11582196E+01 -0.13320209E+01
  0.11685191E+01 -0.13344356E+01
  0.11788186E+01 -0.13370362E+01
  0.11891180E+01 -0.13398212E+01
  0.11994175E+01 -0.13427887E+01
  0.12097170E+01 -0.13459367E+01
  0.12200164E+01 -0.13492625E+01
  0.12303159E+01 -0.13527633E+01
  0.12406153E+01 -0.13564356E+01
  0.12509148E+01 -0.13602755E+01
  0.12612143E+01 -0.13642787E+01
  0.12715137E+01 -0.13684405E+01
  0.12818132E+01 -0.13727555E+01
  0.12921127E+01 -0.13772184E+01
  0.13024121E+01 -0.13818232E+01
  0.13127116E+01 -0.13865638E+01
  0.13230111E+01 -0.13914340E+01
  0.13333105E+01 -0.13964272E+01
  0.13436100E+01 -0.14015368E+01
  0.13539095E+01 -0.14067560E+01
  0.13642089E+01 -0.14120777E+01
  0.13745084E+01 -0.14174944E+01
  0.13848078E+01 -0.14229986E+01
  0.13951073E+01 -0.14285817E+01
  0.14054068E+01 -0.14342348E+01
  0.14157062E+01 -0.14399480E+01
  0.14260057E+01 -0.14457102E+01
  0.14363052E+01 -0.14515090E+01
  0.14466046E+01 -0.14573307E+01
  0.14569041E+01 -0.14631596E+01
  0.14672036E+01 -0.14689780E+01
  0.14775030E+01 -0.14747659E+01
  0.14878025E+01 -0.14805007E+01
  0.14981020E+01 -0.14861568E+01
  0.15084014E+01 -0.14917050E+01
  0.15187009E+01 -0.14971126E+01
  0.15290003E+01 -0.15023423E+01
  0.15392998E+01 -0.15073520E+01
  0.15495993E+01 -0.15120940E+01
  0.15598987E+01 -0.15165152E+01
  0.15701982E+01 -0.15205562E+01
  0.15804977E+01 -0.15241526E+01
  0.15907971E+01 -0.15272356E+01
  0.16010966E+01 -0.15297354E+01
  0.16113961E+01 -0.15315845E+01
  0.16216955E+01 -0.15327242E+01
  0.16320845E+01 -0.15331102E+01
  0.16424736E+01 -0.15327133E+01
  0.16528626E+01 -0.15315287E+01
  0.16632516E+01 -0.15295863E+01
  0.16736406E+01 -0.15269412E+01
  0.16840297E+01 -0.15236668E+01
  0.16944187E+01 -0.15198480E+01
  0.17048077E+01 -0.15155734E+01
  0.17151967E+01 -0.15109294E+01
  0.17255858E+01 -0.15059960E+01
  0.17359748E+01 -0.15008447E+01
  0.17463638E+01 -0.14955375E+01
  0.17567528E+01 -0.14901269E+01
  0.17671419E+01 -0.14846567E+01
  0.17775309E+01 -0.14791629E+01
  0.17879199E+01 -0.14736747E+01
  0.17983089E+01 -0.14682156E+01
  0.18086980E+01 -0.14628041E+01
  0.18190870E+01 -0.14574548E+01
  0.18294760E+01 -0.14521791E+01
  0.18398650E+01 -0.14469856E+01
  0.18502541E+01 -0.14418812E+01
  0.18606431E+01 -0.14368711E+01
  0.18710321E+01 -0.14319595E+01
  0.18814211E+01 -0.14271500E+01
  0.18918102E+01 -0.14224458E+01
  0.19021992E+01 -0.14178502E+01
  0.19125882E+01 -0.14133664E+01
  0.19229772E+01 -0.14089982E+01
  0.19333663E+01 -0.14047496E+01
  0.19437553E+01 -0.14006251E+01
  0.19541443E+01 -0.13966297E+01
  0.19645333E+01 -0.13927687E+01
  0.19749224E+01 -0.13890480E+01
  0.19853114E+01 -0.13854736E+01
  0.19957004E+01 -0.13820519E+01
  0.20060894E+01 -0.13787893E+01
  0.20164785E+01 -0.13756924E+01
  0.20268675E+01 -0.13727682E+01
  0.20372565E+01 -0.13700234E+01
  0.20476455E+01 -0.13674651E+01
  0.20580346E+01 -0.13651003E+01
  0.20684236E+01 -0.13629364E+01
  0.20788126E+01 -0.13609809E+01
  0.20892016E+01 -0.13592411E+01
  0.20995907E+01 -0.13577247E+01
  0.21099797E+01 -0.13564393E+01
  0.21203687E+01 -0.13553921E+01
  0.21307577E+01 -0.13545904E+01
  0.21411468E+01 -0.13540405E+01
  0.21515358E+01 -0.13537483E+01
  0.21619248E+01 -0.13537187E+01
  0.21723138E+01 -0.13539556E+01
  0.21827029E+01 -0.13544616E+01
  0.21930919E+01 -0.13552381E+01
  0.22034809E+01 -0.13562849E+01
  0.22138699E+01 -0.13576009E+01
  0.22242590E+01 -0.13591833E+01
  0.22346480E+01 -0.13610284E+01
  0.22450370E+01 -0.13631313E+01
  0.22554260E+01 -0.13654865E+01
  0.22658151E+01 -0.13680877E+01
  0.22762041E+01 -0.13709279E+01
  0.22865931E+01 -0.13740002E+01
  0.22969821E+01 -0.13772971E+01
  0.23073712E+01 -0.13808110E+01
  0.23177602E+01 -0.13845344E+01
  0.23281492E+01 -0.13884593E+01
  0.23385382E+01 -0.13925777E+01
  0.23489273E+01 -0.13968815E+01
  0.23593163E+01 -0.14013620E+01
  0.23697053E+01 -0.14060103E+01
  0.23800943E+01 -0.14108172E+01
  0.23904834E+01 -0.14157728E+01
  0.24008724E+01 -0.14208669E+01
  0.24112614E+01 -0.14260891E+01
  0.24216504E+01 -0.14314285E+01
  0.24320395E+01 -0.14368739E+01
  0.24424285E+01 -0.14424143E+01
  0.24528175E+01 -0.14480385E+01
  0.24632065E+01 -0.14537352E+01
  0.24735956E+01 -0.14594935E+01
  0.24839846E+01 -0.14653024E+01
  0.24943736E+01 -0.14711512E+01
  0.25047626E+01 -0.14770288E+01
  0.25151517E+01 -0.14829245E+01
  0.25255407E+01 -0.14888269E+01
  0.25359297E+01 -0.14947245E+01
  0.25463187E+01 -0.15006051E+01
  0.25567078E+01 -0.15064560E+01
  0.25670968E+01 -0.15122635E+01
  0.25774858E+01 -0.15180133E+01
  0.25878748E+01 -0.15236905E+01
  0.25982639E+01 -0.15292791E+01
  0.26086529E+01 -0.15347629E+01
  0.26190419E+01 -0.15401254E+01
  0.26294309E+01 -0.15453496E+01
  0.26398200E+01 -0.15504188E+01
  0.26502090E+01 -0.15553167E+01
  0.26605980E+01 -0.15600272E+01
  0.26709870E+01 -0.15645351E+01
  0.26813761E+01 -0.15688257E+01
  0.26917651E+01 -0.15728853E+01
  0.27021541E+01 -0.15767010E+01
  0.27125431E+01 -0.15802607E+01
  0.27229322E+01 -0.15835529E+01
  0.27333212E+01 -0.15865673E+01
  0.27437102E+01 -0.15892938E+01
  0.27540992E+01 -0.15917234E+01
  0.27644883E+01 -0.15938476E+01
  0.27748773E+01 -0.15956590E+01
  0.27852663E+01 -0.15971508E+01
  0.27956553E+01 -0.15983173E+01
  0.28060444E+01 -0.15991539E+01
  0.28164334E+01 -0.15996572E+01
  0.28267801E+01 -0.15998252E+01
  
  0.00000000E+00 -0.42505940E+00
  0.10346733E-01 -0.42548358E+00
  0.20693467E-01 -0.42675273E+00
  0.31040200E-01 -0.42885524E+00
  0.41386933E-01 -0.43177232E+00
  0.51733667E-01 -0.43547840E+00
  0.62080400E-01 -0.43994170E+00
  0.72427133E-01 -0.44512492E+00
  0.82773866E-01 -0.45098590E+00
  0.93120600E-01 -0.45747827E+00
  0.10346733E+00 -0.46455202E+00
  0.11381407E+00 -0.47215391E+00
  0.12416080E+00 -0.48022798E+00
  0.13450753E+00 -0.48871581E+00
  0.14485427E+00 -0.49755696E+00
  0.15520100E+00 -0.50668935E+00
  0.16554773E+00 -0.51604974E+00
  0.17589447E+00 -0.52557429E+00
  0.18624120E+00 -0.53519922E+00
  0.19658793E+00 -0.54486143E+00
  0.20693467E+00 -0.55449921E+00
  0.21728140E+00 -0.56405281E+00
  0.22762813E+00 -0.57346495E+00
  0.23797487E+00 -0.58268118E+00
  0.24832160E+00 -0.59165006E+00
  0.25866833E+00 -0.60032322E+00
  0.26901507E+00 -0.60865532E+00
  0.27936180E+00 -0.61660387E+00
  0.28970853E+00 -0.62412906E+00
  0.30005527E+00 -0.63119357E+00
  0.31040200E+00 -0.63776248E+00
  0.32074873E+00 -0.64380322E+00
  0.33109547E+00 -0.64928566E+00
  0.34144220E+00 -0.65418225E+00
  0.35178893E+00 -0.65846832E+00
  0.36213567E+00 -0.66212231E+00
  0.37248240E+00 -0.66512609E+00
  0.38282913E+00 -0.66746514E+00
  0.39317587E+00 -0.66912875E+00
  0.40352260E+00 -0.67010999E+00
  0.41386933E+00 -0.67040558E+00
  0.42421607E+00 -0.67001569E+00
  0.43456280E+00 -0.66894359E+00
  0.44490953E+00 -0.66719522E+00
  0.45525627E+00 -0.66477883E+00
  0.46560300E+00 -0.66170457E+00
  0.47594973E+00 -0.65798419E+00
  0.48629647E+00 -0.65363083E+00
  0.49664320E+00 -0.64865896E+00
  0.50698993E+00 -0.64308435E+00
  0.51733667E+00 -0.63692427E+00
  0.52768340E+00 -0.63019769E+00
  0.53803013E+00 -0.62292550E+00
  0.54837687E+00 -0.61513074E+00
  0.55872360E+00 -0.60683884E+00
  0.56907033E+00 -0.59807762E+00
  0.57941707E+00 -0.58887730E+00
  0.58976380E+00 -0.57927022E+00
  0.60011053E+00 -0.56929052E+00
  0.61045727E+00 -0.55897357E+00
  0.62080400E+00 -0.54835538E+00
  0.63115073E+00 -0.53747196E+00
  0.64149747E+00 -0.52635865E+00
  0.65184420E+00 -0.51504961E+00
  0.66219093E+00 -0.50357748E+00
  0.67253767E+00 -0.49610425E+00
  0.68288440E+00 -0.49499357E+00
  0.69323113E+00 -0.49383724E+00
  0.70357786E+00 -0.49264112E+00
  0.71392460E+00 -0.49141100E+00
  0.72427133E+00 -0.49015262E+00
  0.73461806E+00 -0.48887163E+00
  0.74496480E+00 -0.48757363E+00
  0.75531153E+00 -0.48626414E+00
  0.76565826E+00 -0.48494862E+00
  0.77600500E+00 -0.48363245E+00
  0.78635173E+00 -0.48232096E+00
  0.79669846E+00 -0.48101935E+00
  0.80704520E+00 -0.47973277E+00
  0.81739193E+00 -0.47846624E+00
  0.82773866E+00 -0.47722469E+00
  0.83808540E+00 -0.47601293E+00
  0.84843213E+00 -0.47483561E+00
  0.85877886E+00 -0.47369725E+00
  0.86912560E+00 -0.47260215E+00
  0.87947233E+00 -0.47155442E+00
  0.88981906E+00 -0.47055793E+00
  0.90016580E+00 -0.46961627E+00
  0.91051253E+00 -0.46873275E+00
  0.92085926E+00 -0.46791036E+00
  0.93120600E+00 -0.46715179E+00
  0.94155273E+00 -0.46645938E+00
  0.95189946E+00 -0.46583516E+00
  0.96224620E+00 -0.46528088E+00
  0.97259293E+00 -0.46479796E+00
  0.98293966E+00 -0.46438757E+00
  0.99328640E+00 -0.46405066E+00
  0.10036331E+01 -0.46378792E+00
  0.10139799E+01 -0.46359990E+00
  0.10243266E+01 -0.46348695E+00
  0.10346261E+01 -0.46344928E+00
  0.10449255E+01 -0.46372957E+00
  0.10552250E+01 -0.46456775E+00
  0.10655245E+01 -0.46595571E+00
  0.10758239E+01 -0.46788008E+00
  0.10861234E+01 -0.47032244E+00
  0.10964228E+01 -0.47325960E+00
  0.11067223E+01 -0.47666392E+00
  0.11170218E+01 -0.48050376E+00
  0.11273212E+01 -0.48474391E+00
  0.11376207E+01 -0.48934602E+00
  0.11479202E+01 -0.49426916E+00
  0.11582196E+01 -0.49947024E+00
  0.11685191E+01 -0.50490452E+00
  0.11788186E+01 -0.51052605E+00
  0.11891180E+01 -0.51628811E+00
  0.11994175E+01 -0.52214362E+00
  0.12097170E+01 -0.52804551E+00
  0.12200164E+01 -0.53394711E+00
  0.12303159E+01 -0.53980251E+00
  0.12406153E+01 -0.54556685E+00
  0.12509148E+01 -0.55119671E+00
  0.12612143E+01 -0.55665040E+00
  0.12715137E+01 -0.56188821E+00
  0.12818132E+01 -0.56687275E+00
  0.12921127E+01 -0.57156915E+00
  0.13024121E+01 -0.57594526E+00
  0.13127116E+01 -0.57997182E+00
  0.13230111E+01 -0.58362257E+00
  0.13333105E+01 -0.58687428E+00
  0.13436100E+01 -0.58970675E+00
  0.13539095E+01 -0.59210272E+00
  0.13642089E+01 -0.59404774E+00
  0.13745084E+01 -0.59553001E+00
  0.13848078E+01 -0.59654019E+00
  0.13951073E+01 -0.59707119E+00
  0.14054068E+01 -0.59711799E+00
  0.14157062E+01 -0.59667752E+00
  0.14260057E+01 -0.59574852E+00
  0.14363052E+01 -0.59433156E+00
  0.14466046E+01 -0.59242902E+00
  0.14569041E+01 -0.59004517E+00
  0.14672036E+01 -0.58718624E+00
  0.14775030E+01 -0.58386059E+00
  0.14878025E+01 -0.58007874E+00
  0.14981020E+01 -0.57585355E+00
  0.15084014E+01 -0.57120014E+00
  0.15187009E+01 -0.56613597E+00
  0.15290003E+01 -0.56068069E+00
  0.15392998E+01 -0.55485595E+00
  0.15495993E+01 -0.54868516E+00
  0.15598987E+01 -0.54219319E+00
  0.15701982E+01 -0.53540594E+00
  0.15804977E+01 -0.52835002E+00
  0.15907971E+01 -0.52105236E+00
  0.16010966E+01 -0.51353991E+00
  0.16113961E+01 -0.50583943E+00
  0.16216955E+01 -0.49797734E+00
  0.16320845E+01 -0.48997990E+00
  0.16424736E+01 -0.49809108E+00
  0.16528626E+01 -0.50616417E+00
  0.16632516E+01 -0.51418828E+00
  0.16736406E+01 -0.52215261E+00
  0.16840297E+01 -0.53004627E+00
  0.16944187E+01 -0.53785837E+00
  0.17048077E+01 -0.54557807E+00
  0.17151967E+01 -0.55319468E+00
  0.17255858E+01 -0.56069773E+00
  0.17359748E+01 -0.56807705E+00
  0.17463638E+01 -0.57532282E+00
  0.17567528E+01 -0.58242564E+00
  0.17671419E+01 -0.58937656E+00
  0.17775309E+01 -0.59616711E+00
  0.17879199E+01 -0.60278930E+00
  0.17983089E+01 -0.60923564E+00
  0.18086980E+01 -0.61549914E+00
  0.18190870E+01 -0.62157325E+00
  0.18294760E+01 -0.62745188E+00
  0.18398650E+01 -0.63312939E+00
  0.18502541E+01 -0.63860048E+00
  0.18606431E+01 -0.64386025E+00
  0.18710321E+01 -0.64890410E+00
  0.18814211E+01 -0.65372771E+00
  0.18918102E+01 -0.65832699E+00
  0.19021992E+01 -0.66269806E+00
  0.19125882E+01 -0.66683716E+00
  0.19229772E+01 -0.67074064E+00
  0.19333663E+01 -0.67440488E+00
  0.19437553E+01 -0.67782629E+00
  0.19541443E+01 -0.68100124E+00
  0.19645333E+01 -0.68392602E+00
  0.19749224E+01 -0.68659685E+00
  0.19853114E+01 -0.68900986E+00
  0.19957004E+01 -0.69116106E+00
  0.20060894E+01 -0.69304637E+00
  0.20164785E+01 -0.69466166E+00
  0.20268675E+01 -0.69600276E+00
  0.20372565E+01 -0.69706551E+00
  0.20476455E+01 -0.69784585E+00
  0.20580346E+01 -0.69833984E+00
  0.20684236E+01 -0.69854380E+00
  0.20788126E+01 -0.69845440E+00
  0.20892016E+01 -0.69806871E+00
  0.20995907E+01 -0.69738435E+00
  0.21099797E+01 -0.69639959E+00
  0.21203687E+01 -0.69511345E+00
  0.21307577E+01 -0.69352581E+00
  0.21411468E+01 -0.69163750E+00
  0.21515358E+01 -0.68945036E+00
  0.21619248E+01 -0.68696735E+00
  0.21723138E+01 -0.68419258E+00
  0.21827029E+01 -0.68113131E+00
  0.21930919E+01 -0.67779003E+00
  0.22034809E+01 -0.67417639E+00
  0.22138699E+01 -0.67029917E+00
  0.22242590E+01 -0.66616827E+00
  0.22346480E+01 -0.66179457E+00
  0.22450370E+01 -0.65718991E+00
  0.22554260E+01 -0.65236697E+00
  0.22658151E+01 -0.64733912E+00
  0.22762041E+01 -0.64212040E+00
  0.22865931E+01 -0.63672535E+00
  0.22969821E+01 -0.63116893E+00
  0.23073712E+01 -0.62546646E+00
  0.23177602E+01 -0.61963349E+00
  0.23281492E+01 -0.61368573E+00
  0.23385382E+01 -0.60763904E+00
  0.23489273E+01 -0.60453755E+00
  0.23593163E+01 -0.61004502E+00
  0.23697053E+01 -0.61501307E+00
  0.23800943E+01 -0.61941657E+00
  0.23904834E+01 -0.62323132E+00
  0.24008724E+01 -0.62643462E+00
  0.24112614E+01 -0.62900592E+00
  0.24216504E+01 -0.63092755E+00
  0.24320395E+01 -0.63218530E+00
  0.24424285E+01 -0.63276893E+00
  0.24528175E+01 -0.63267248E+00
  0.24632065E+01 -0.63189438E+00
  0.24735956E+01 -0.63043744E+00
  0.24839846E+01 -0.62830867E+00
  0.24943736E+01 -0.62551908E+00
  0.25047626E+01 -0.62208338E+00
  0.25151517E+01 -0.61801988E+00
  0.25255407E+01 -0.61335025E+00
  0.25359297E+01 -0.60809956E+00
  0.25463187E+01 -0.60229628E+00
  0.25567078E+01 -0.59597241E+00
  0.25670968E+01 -0.58916363E+00
  0.25774858E+01 -0.58190949E+00
  0.25878748E+01 -0.57425352E+00
  0.25982639E+01 -0.56624339E+00
  0.26086529E+01 -0.55793082E+00
  0.26190419E+01 -0.54937144E+00
  0.26294309E+01 -0.54062456E+00
  0.26398200E+01 -0.53175269E+00
  0.26502090E+01 -0.52282098E+00
  0.26605980E+01 -0.51389664E+00
  0.26709870E+01 -0.50504819E+00
  0.26813761E+01 -0.49634480E+00
  0.26917651E+01 -0.48785566E+00
  0.27021541E+01 -0.47964937E+00
  0.27125431E+01 -0.47179342E+00
  0.27229322E+01 -0.46435369E+00
  0.27333212E+01 -0.45739400E+00
  0.27437102E+01 -0.45097558E+00
  0.27540992E+01 -0.44515646E+00
  0.27644883E+01 -0.43999081E+00
  0.27748773E+01 -0.43552818E+00
  0.27852663E+01 -0.43181257E+00
  0.27956553E+01 -0.42888160E+00
  0.28060444E+01 -0.42676563E+00
  0.28164334E+01 -0.42548694E+00
  0.28267801E+01 -0.42505940E+00
  
  0.00000000E+00 -0.42505918E+00
  0.10346733E-01 -0.42513847E+00
  0.20693467E-01 -0.42537540E+00
  0.31040200E-01 -0.42576877E+00
  0.41386933E-01 -0.42631639E+00
  0.51733667E-01 -0.42701529E+00
  0.62080400E-01 -0.42786185E+00
  0.72427133E-01 -0.42885185E+00
  0.82773866E-01 -0.42998062E+00
  0.93120600E-01 -0.43124307E+00
  0.10346733E+00 -0.43263377E+00
  0.11381407E+00 -0.43414696E+00
  0.12416080E+00 -0.43577652E+00
  0.13450753E+00 -0.43751598E+00
  0.14485427E+00 -0.43935843E+00
  0.15520100E+00 -0.44129653E+00
  0.16554773E+00 -0.44332245E+00
  0.17589447E+00 -0.44542786E+00
  0.18624120E+00 -0.44760394E+00
  0.19658793E+00 -0.44984148E+00
  0.20693467E+00 -0.45213089E+00
  0.21728140E+00 -0.45446237E+00
  0.22762813E+00 -0.45682601E+00
  0.23797487E+00 -0.45921189E+00
  0.24832160E+00 -0.46161024E+00
  0.25866833E+00 -0.46401153E+00
  0.26901507E+00 -0.46640652E+00
  0.27936180E+00 -0.46878630E+00
  0.28970853E+00 -0.47114234E+00
  0.30005527E+00 -0.47346642E+00
  0.31040200E+00 -0.47575061E+00
  0.32074873E+00 -0.47798725E+00
  0.33109547E+00 -0.48016887E+00
  0.34144220E+00 -0.48228821E+00
  0.35178893E+00 -0.48433819E+00
  0.36213567E+00 -0.48631193E+00
  0.37248240E+00 -0.48820285E+00
  0.38282913E+00 -0.49000467E+00
  0.39317587E+00 -0.49171154E+00
  0.40352260E+00 -0.49331812E+00
  0.41386933E+00 -0.49481965E+00
  0.42421607E+00 -0.49621200E+00
  0.43456280E+00 -0.49749175E+00
  0.44490953E+00 -0.49865614E+00
  0.45525627E+00 -0.49970312E+00
  0.46560300E+00 -0.50063124E+00
  0.47594973E+00 -0.50143968E+00
  0.48629647E+00 -0.50212810E+00
  0.49664320E+00 -0.50269665E+00
  0.50698993E+00 -0.50314589E+00
  0.51733667E+00 -0.50347675E+00
  0.52768340E+00 -0.50369056E+00
  0.53803013E+00 -0.50378900E+00
  0.54837687E+00 -0.50377415E+00
  0.55872360E+00 -0.50364851E+00
  0.56907033E+00 -0.50341502E+00
  0.57941707E+00 -0.50307710E+00
  0.58976380E+00 -0.50263862E+00
  0.60011053E+00 -0.50210391E+00
  0.61045727E+00 -0.50147773E+00
  0.62080400E+00 -0.50076520E+00
  0.63115073E+00 -0.49997176E+00
  0.64149747E+00 -0.49910306E+00
  0.65184420E+00 -0.49816496E+00
  0.66219093E+00 -0.49716336E+00
  0.67253767E+00 -0.49197321E+00
  0.68288440E+00 -0.48026614E+00
  0.69323113E+00 -0.46848423E+00
  0.70357786E+00 -0.45665453E+00
  0.71392460E+00 -0.44480363E+00
  0.72427133E+00 -0.43295825E+00
  0.73461806E+00 -0.42114568E+00
  0.74496480E+00 -0.40939417E+00
  0.75531153E+00 -0.39773319E+00
  0.76565826E+00 -0.38619344E+00
  0.77600500E+00 -0.37480678E+00
  0.78635173E+00 -0.36360585E+00
  0.79669846E+00 -0.35262367E+00
  0.80704520E+00 -0.34189302E+00
  0.81739193E+00 -0.33144580E+00
  0.82773866E+00 -0.32131241E+00
  0.83808540E+00 -0.31152121E+00
  0.84843213E+00 -0.30209810E+00
  0.85877886E+00 -0.29306633E+00
  0.86912560E+00 -0.28444649E+00
  0.87947233E+00 -0.27625669E+00
  0.88981906E+00 -0.26851294E+00
  0.90016580E+00 -0.26122960E+00
  0.91051253E+00 -0.25441980E+00
  0.92085926E+00 -0.24809594E+00
  0.93120600E+00 -0.24226995E+00
  0.94155273E+00 -0.23695353E+00
  0.95189946E+00 -0.23215816E+00
  0.96224620E+00 -0.22789507E+00
  0.97259293E+00 -0.22417505E+00
  0.98293966E+00 -0.22100816E+00
  0.99328640E+00 -0.21840354E+00
  0.10036331E+01 -0.21636906E+00
  0.10139799E+01 -0.21491112E+00
  0.10243266E+01 -0.21403443E+00
  0.10346261E+01 -0.21374188E+00
  0.10449255E+01 -0.21381462E+00
  0.10552250E+01 -0.21403323E+00
  0.10655245E+01 -0.21439889E+00
  0.10758239E+01 -0.21491347E+00
  0.10861234E+01 -0.21557951E+00
  0.10964228E+01 -0.21640008E+00
  0.11067223E+01 -0.21737869E+00
  0.11170218E+01 -0.21851911E+00
  0.11273212E+01 -0.21982525E+00
  0.11376207E+01 -0.22130099E+00
  0.11479202E+01 -0.22295006E+00
  0.11582196E+01 -0.22477588E+00
  0.11685191E+01 -0.22678146E+00
  0.11788186E+01 -0.22896932E+00
  0.11891180E+01 -0.23134142E+00
  0.11994175E+01 -0.23389915E+00
  0.12097170E+01 -0.23664329E+00
  0.12200164E+01 -0.23957415E+00
  0.12303159E+01 -0.24269153E+00
  0.12406153E+01 -0.24599491E+00
  0.12509148E+01 -0.24948348E+00
  0.12612143E+01 -0.25315632E+00
  0.12715137E+01 -0.25701249E+00
  0.12818132E+01 -0.26105115E+00
  0.12921127E+01 -0.26527161E+00
  0.13024121E+01 -0.26967341E+00
  0.13127116E+01 -0.27425634E+00
  0.13230111E+01 -0.27902042E+00
  0.13333105E+01 -0.28396579E+00
  0.13436100E+01 -0.28909271E+00
  0.13539095E+01 -0.29440132E+00
  0.13642089E+01 -0.29989160E+00
  0.13745084E+01 -0.30556310E+00
  0.13848078E+01 -0.31141486E+00
  0.13951073E+01 -0.31744522E+00
  0.14054068E+01 -0.32365170E+00
  0.14157062E+01 -0.33003088E+00
  0.14260057E+01 -0.33657833E+00
  0.14363052E+01 -0.34328864E+00
  0.14466046E+01 -0.35015538E+00
  0.14569041E+01 -0.35717118E+00
  0.14672036E+01 -0.36432784E+00
  0.14775030E+01 -0.37161645E+00
  0.14878025E+01 -0.37902751E+00
  0.14981020E+01 -0.38655112E+00
  0.15084014E+01 -0.39417708E+00
  0.15187009E+01 -0.40189508E+00
  0.15290003E+01 -0.40969476E+00
  0.15392998E+01 -0.41756584E+00
  0.15495993E+01 -0.42549816E+00
  0.15598987E+01 -0.43348169E+00
  0.15701982E+01 -0.44150656E+00
  0.15804977E+01 -0.44956302E+00
  0.15907971E+01 -0.45764138E+00
  0.16010966E+01 -0.46573199E+00
  0.16113961E+01 -0.47382515E+00
  0.16216955E+01 -0.48191107E+00
  0.16320845E+01 -0.48997971E+00
  0.16424736E+01 -0.48180145E+00
  0.16528626E+01 -0.47353809E+00
  0.16632516E+01 -0.46521671E+00
  0.16736406E+01 -0.45686477E+00
  0.16840297E+01 -0.44851058E+00
  0.16944187E+01 -0.44018350E+00
  0.17048077E+01 -0.43191412E+00
  0.17151967E+01 -0.42373430E+00
  0.17255858E+01 -0.41567707E+00
  0.17359748E+01 -0.40777640E+00
  0.17463638E+01 -0.40006687E+00
  0.17567528E+01 -0.39258318E+00
  0.17671419E+01 -0.38535949E+00
  0.17775309E+01 -0.37842878E+00
  0.17879199E+01 -0.37182213E+00
  0.17983089E+01 -0.36556801E+00
  0.18086980E+01 -0.35969177E+00
  0.18190870E+01 -0.35421521E+00
  0.18294760E+01 -0.34915656E+00
  0.18398650E+01 -0.34453068E+00
  0.18502541E+01 -0.34034964E+00
  0.18606431E+01 -0.33662360E+00
  0.18710321E+01 -0.33336185E+00
  0.18814211E+01 -0.33057400E+00
  0.18918102E+01 -0.32827096E+00
  0.19021992E+01 -0.32646568E+00
  0.19125882E+01 -0.32517338E+00
  0.19229772E+01 -0.32441119E+00
  0.19333663E+01 -0.32419716E+00
  0.19437553E+01 -0.32454886E+00
  0.19541443E+01 -0.32548153E+00
  0.19645333E+01 -0.32700638E+00
  0.19749224E+01 -0.32912903E+00
  0.19853114E+01 -0.33184852E+00
  0.19957004E+01 -0.33515693E+00
  0.20060894E+01 -0.33903967E+00
  0.20164785E+01 -0.34347628E+00
  0.20268675E+01 -0.34844167E+00
  0.20372565E+01 -0.35390748E+00
  0.20476455E+01 -0.35984362E+00
  0.20580346E+01 -0.36621952E+00
  0.20684236E+01 -0.37300525E+00
  0.20788126E+01 -0.38017235E+00
  0.20892016E+01 -0.38769429E+00
  0.20995907E+01 -0.39554655E+00
  0.21099797E+01 -0.40370638E+00
  0.21203687E+01 -0.41215224E+00
  0.21307577E+01 -0.42086294E+00
  0.21411468E+01 -0.42981661E+00
  0.21515358E+01 -0.43898958E+00
  0.21619248E+01 -0.44835539E+00
  0.21723138E+01 -0.45788396E+00
  0.21827029E+01 -0.46754114E+00
  0.21930919E+01 -0.47728860E+00
  0.22034809E+01 -0.48708428E+00
  0.22138699E+01 -0.49688304E+00
  0.22242590E+01 -0.50663779E+00
  0.22346480E+01 -0.51630059E+00
  0.22450370E+01 -0.52582389E+00
  0.22554260E+01 -0.53516159E+00
  0.22658151E+01 -0.54426983E+00
  0.22762041E+01 -0.55310758E+00
  0.22865931E+01 -0.56163686E+00
  0.22969821E+01 -0.56982269E+00
  0.23073712E+01 -0.57763278E+00
  0.23177602E+01 -0.58503711E+00
  0.23281492E+01 -0.59200735E+00
  0.23385382E+01 -0.59851631E+00
  0.23489273E+01 -0.60150931E+00
  0.23593163E+01 -0.59531244E+00
  0.23697053E+01 -0.58906429E+00
  0.23800943E+01 -0.58278061E+00
  0.23904834E+01 -0.57647703E+00
  0.24008724E+01 -0.57016896E+00
  0.24112614E+01 -0.56387159E+00
  0.24216504E+01 -0.55759978E+00
  0.24320395E+01 -0.55136805E+00
  0.24424285E+01 -0.54519048E+00
  0.24528175E+01 -0.53908070E+00
  0.24632065E+01 -0.53305179E+00
  0.24735956E+01 -0.52711630E+00
  0.24839846E+01 -0.52128613E+00
  0.24943736E+01 -0.51557259E+00
  0.25047626E+01 -0.50998630E+00
  0.25151517E+01 -0.50453723E+00
  0.25255407E+01 -0.49923465E+00
  0.25359297E+01 -0.49408716E+00
  0.25463187E+01 -0.48910262E+00
  0.25567078E+01 -0.48428819E+00
  0.25670968E+01 -0.47965030E+00
  0.25774858E+01 -0.47519460E+00
  0.25878748E+01 -0.47092597E+00
  0.25982639E+01 -0.46684848E+00
  0.26086529E+01 -0.46296538E+00
  0.26190419E+01 -0.45927905E+00
  0.26294309E+01 -0.45579106E+00
  0.26398200E+01 -0.45250212E+00
  0.26502090E+01 -0.44941214E+00
  0.26605980E+01 -0.44652028E+00
  0.26709870E+01 -0.44382502E+00
  0.26813761E+01 -0.44132422E+00
  0.26917651E+01 -0.43901526E+00
  0.27021541E+01 -0.43689514E+00
  0.27125431E+01 -0.43496062E+00
  0.27229322E+01 -0.43320829E+00
  0.27333212E+01 -0.43163475E+00
  0.27437102E+01 -0.43023669E+00
  0.27540992E+01 -0.42901098E+00
  0.27644883E+01 -0.42795475E+00
  0.27748773E+01 -0.42706543E+00
  0.27852663E+01 -0.42634083E+00
  0.27956553E+01 -0.42577914E+00
  0.28060444E+01 -0.42537895E+00
  0.28164334E+01 -0.42513924E+00
  0.28267801E+01 -0.42505918E+00
  
