  0.00000000E+00 -0.81123781E+01
  0.10346733E-01 -0.81121582E+01
  0.20693467E-01 -0.81114987E+01
  0.31040200E-01 -0.81104000E+01
  0.41386933E-01 -0.81088631E+01
  0.51733667E-01 -0.81068890E+01
  0.62080400E-01 -0.81044791E+01
  0.72427133E-01 -0.81016349E+01
  0.82773866E-01 -0.80983584E+01
  0.93120600E-01 -0.80946514E+01
  0.10346733E+00 -0.80905163E+01
  0.11381407E+00 -0.80859555E+01
  0.12416080E+00 -0.80809720E+01
  0.13450753E+00 -0.80755692E+01
  0.14485427E+00 -0.80697507E+01
  0.15520100E+00 -0.80635213E+01
  0.16554773E+00 -0.80568862E+01
  0.17589447E+00 -0.80498514E+01
  0.18624120E+00 -0.80424240E+01
  0.19658793E+00 -0.80346122E+01
  0.20693467E+00 -0.80264248E+01
  0.21728140E+00 -0.80178722E+01
  0.22762813E+00 -0.80089653E+01
  0.23797487E+00 -0.79997166E+01
  0.24832160E+00 -0.79901392E+01
  0.25866833E+00 -0.79802476E+01
  0.26901507E+00 -0.79700575E+01
  0.27936180E+00 -0.79595856E+01
  0.28970853E+00 -0.79488501E+01
  0.30005527E+00 -0.79378710E+01
  0.31040200E+00 -0.79266698E+01
  0.32074873E+00 -0.79152703E+01
  0.33109547E+00 -0.79036988E+01
  0.34144220E+00 -0.78919841E+01
  0.35178893E+00 -0.78801585E+01
  0.36213567E+00 -0.78682578E+01
  0.37248240E+00 -0.78563215E+01
  0.38282913E+00 -0.78443941E+01
  0.39317587E+00 -0.78325245E+01
  0.40352260E+00 -0.78207673E+01
  0.41386933E+00 -0.78091834E+01
  0.42421607E+00 -0.77978401E+01
  0.43456280E+00 -0.77868130E+01
  0.44490953E+00 -0.77761861E+01
  0.45525627E+00 -0.77660538E+01
  0.46560300E+00 -0.77565223E+01
  0.47594973E+00 -0.77477106E+01
  0.48629647E+00 -0.77397527E+01
  0.49664320E+00 -0.77327982E+01
  0.50698993E+00 -0.77270134E+01
  0.51733667E+00 -0.77225797E+01
  0.52768340E+00 -0.77196920E+01
  0.53803013E+00 -0.77185525E+01
  0.54837687E+00 -0.77193629E+01
  0.55872360E+00 -0.77223125E+01
  0.56907033E+00 -0.77275631E+01
  0.57941707E+00 -0.77352339E+01
  0.58976380E+00 -0.77453864E+01
  0.60011053E+00 -0.77580145E+01
  0.61045727E+00 -0.77730417E+01
  0.62080400E+00 -0.77903252E+01
  0.63115073E+00 -0.78096676E+01
  0.64149747E+00 -0.78308323E+01
  0.65184420E+00 -0.78535597E+01
  0.66219093E+00 -0.78775828E+01
  0.67253767E+00 -0.79026387E+01
  0.68288440E+00 -0.79284775E+01
  0.69323113E+00 -0.79548674E+01
  0.70357786E+00 -0.79815978E+01
  0.71392460E+00 -0.80084800E+01
  0.72427133E+00 -0.80353471E+01
  0.73461806E+00 -0.80620525E+01
  0.74496480E+00 -0.80884686E+01
  0.75531153E+00 -0.81144843E+01
  0.76565826E+00 -0.81400037E+01
  0.77600500E+00 -0.81649436E+01
  0.78635173E+00 -0.81892321E+01
  0.79669846E+00 -0.82128066E+01
  0.80704520E+00 -0.82356124E+01
  0.81739193E+00 -0.82576017E+01
  0.82773866E+00 -0.82787327E+01
  0.83808540E+00 -0.82989686E+01
  0.84843213E+00 -0.83182772E+01
  0.85877886E+00 -0.83366305E+01
  0.86912560E+00 -0.83540043E+01
  0.87947233E+00 -0.83703781E+01
  0.88981906E+00 -0.83857345E+01
  0.90016580E+00 -0.84000596E+01
  0.91051253E+00 -0.84133420E+01
  0.92085926E+00 -0.84255732E+01
  0.93120600E+00 -0.84367466E+01
  0.94155273E+00 -0.84468578E+01
  0.95189946E+00 -0.84559042E+01
  0.96224620E+00 -0.84638841E+01
  0.97259293E+00 -0.84707974E+01
  0.98293966E+00 -0.84766443E+01
  0.99328640E+00 -0.84814258E+01
  0.10036331E+01 -0.84851430E+01
  0.10139799E+01 -0.84877971E+01
  0.10243266E+01 -0.84893892E+01
  0.10346261E+01 -0.84899198E+01
  0.10449255E+01 -0.84896327E+01
  0.10552250E+01 -0.84887715E+01
  0.10655245E+01 -0.84873363E+01
  0.10758239E+01 -0.84853272E+01
  0.10861234E+01 -0.84827444E+01
  0.10964228E+01 -0.84795881E+01
  0.11067223E+01 -0.84758586E+01
  0.11170218E+01 -0.84715563E+01
  0.11273212E+01 -0.84666816E+01
  0.11376207E+01 -0.84612349E+01
  0.11479202E+01 -0.84552168E+01
  0.11582196E+01 -0.84486281E+01
  0.11685191E+01 -0.84414698E+01
  0.11788186E+01 -0.84337432E+01
  0.11891180E+01 -0.84254497E+01
  0.11994175E+01 -0.84165913E+01
  0.12097170E+01 -0.84071703E+01
  0.12200164E+01 -0.83971895E+01
  0.12303159E+01 -0.83866520E+01
  0.12406153E+01 -0.83755615E+01
  0.12509148E+01 -0.83639221E+01
  0.12612143E+01 -0.83517386E+01
  0.12715137E+01 -0.83390160E+01
  0.12818132E+01 -0.83257602E+01
  0.12921127E+01 -0.83119774E+01
  0.13024121E+01 -0.82976747E+01
  0.13127116E+01 -0.82828600E+01
  0.13230111E+01 -0.82675420E+01
  0.13333105E+01 -0.82517307E+01
  0.13436100E+01 -0.82354375E+01
  0.13539095E+01 -0.82186751E+01
  0.13642089E+01 -0.82014585E+01
  0.13745084E+01 -0.81838048E+01
  0.13848078E+01 -0.81657338E+01
  0.13951073E+01 -0.81472683E+01
  0.14054068E+01 -0.81284350E+01
  0.14157062E+01 -0.81092645E+01
  0.14260057E+01 -0.80897924E+01
  0.14363052E+01 -0.80700602E+01
  0.14466046E+01 -0.80501159E+01
  0.14569041E+01 -0.80300155E+01
  0.14672036E+01 -0.80098248E+01
  0.14775030E+01 -0.79896205E+01
  0.14878025E+01 -0.79694932E+01
  0.14981020E+01 -0.79495497E+01
  0.15084014E+01 -0.79299161E+01
  0.15187009E+01 -0.79107414E+01
  0.15290003E+01 -0.78922000E+01
  0.15392998E+01 -0.78744945E+01
  0.15495993E+01 -0.78578557E+01
  0.15598987E+01 -0.78425381E+01
  0.15701982E+01 -0.78288092E+01
  0.15804977E+01 -0.78169304E+01
  0.15907971E+01 -0.78071279E+01
  0.16010966E+01 -0.77995600E+01
  0.16113961E+01 -0.77942862E+01
  0.16216955E+01 -0.77912518E+01
  0.16320845E+01 -0.77902922E+01
  0.16424736E+01 -0.77911722E+01
  0.16528626E+01 -0.77936014E+01
  0.16632516E+01 -0.77972570E+01
  0.16736406E+01 -0.78018292E+01
  0.16840297E+01 -0.78070383E+01
  0.16944187E+01 -0.78126424E+01
  0.17048077E+01 -0.78184383E+01
  0.17151967E+01 -0.78242590E+01
  0.17255858E+01 -0.78299689E+01
  0.17359748E+01 -0.78354591E+01
  0.17463638E+01 -0.78406429E+01
  0.17567528E+01 -0.78454517E+01
  0.17671419E+01 -0.78498317E+01
  0.17775309E+01 -0.78537411E+01
  0.17879199E+01 -0.78571478E+01
  0.17983089E+01 -0.78600274E+01
  0.18086980E+01 -0.78623624E+01
  0.18190870E+01 -0.78641401E+01
  0.18294760E+01 -0.78653526E+01
  0.18398650E+01 -0.78659953E+01
  0.18502541E+01 -0.78660672E+01
  0.18606431E+01 -0.78655697E+01
  0.18710321E+01 -0.78645068E+01
  0.18814211E+01 -0.78628846E+01
  0.18918102E+01 -0.78607115E+01
  0.19021992E+01 -0.78579980E+01
  0.19125882E+01 -0.78547563E+01
  0.19229772E+01 -0.78510010E+01
  0.19333663E+01 -0.78467486E+01
  0.19437553E+01 -0.78420178E+01
  0.19541443E+01 -0.78368295E+01
  0.19645333E+01 -0.78312069E+01
  0.19749224E+01 -0.78251757E+01
  0.19853114E+01 -0.78187639E+01
  0.19957004E+01 -0.78120025E+01
  0.20060894E+01 -0.78049250E+01
  0.20164785E+01 -0.77975680E+01
  0.20268675E+01 -0.77899714E+01
  0.20372565E+01 -0.77821783E+01
  0.20476455E+01 -0.77742354E+01
  0.20580346E+01 -0.77661930E+01
  0.20684236E+01 -0.77581053E+01
  0.20788126E+01 -0.77500306E+01
  0.20892016E+01 -0.77420309E+01
  0.20995907E+01 -0.77341721E+01
  0.21099797E+01 -0.77265236E+01
  0.21203687E+01 -0.77191580E+01
  0.21307577E+01 -0.77121502E+01
  0.21411468E+01 -0.77055768E+01
  0.21515358E+01 -0.76995146E+01
  0.21619248E+01 -0.76940397E+01
  0.21723138E+01 -0.76892257E+01
  0.21827029E+01 -0.76851417E+01
  0.21930919E+01 -0.76818513E+01
  0.22034809E+01 -0.76794101E+01
  0.22138699E+01 -0.76778645E+01
  0.22242590E+01 -0.76772506E+01
  0.22346480E+01 -0.76775928E+01
  0.22450370E+01 -0.76789036E+01
  0.22554260E+01 -0.76811835E+01
  0.22658151E+01 -0.76844212E+01
  0.22762041E+01 -0.76885947E+01
  0.22865931E+01 -0.76936721E+01
  0.22969821E+01 -0.76996130E+01
  0.23073712E+01 -0.77063700E+01
  0.23177602E+01 -0.77138902E+01
  0.23281492E+01 -0.77221163E+01
  0.23385382E+01 -0.77309883E+01
  0.23489273E+01 -0.77404446E+01
  0.23593163E+01 -0.77504227E+01
  0.23697053E+01 -0.77608604E+01
  0.23800943E+01 -0.77716966E+01
  0.23904834E+01 -0.77828713E+01
  0.24008724E+01 -0.77943270E+01
  0.24112614E+01 -0.78060080E+01
  0.24216504E+01 -0.78178617E+01
  0.24320395E+01 -0.78298379E+01
  0.24424285E+01 -0.78418895E+01
  0.24528175E+01 -0.78539725E+01
  0.24632065E+01 -0.78660457E+01
  0.24735956E+01 -0.78780709E+01
  0.24839846E+01 -0.78900126E+01
  0.24943736E+01 -0.79018382E+01
  0.25047626E+01 -0.79135176E+01
  0.25151517E+01 -0.79250229E+01
  0.25255407E+01 -0.79363284E+01
  0.25359297E+01 -0.79474104E+01
  0.25463187E+01 -0.79582471E+01
  0.25567078E+01 -0.79688181E+01
  0.25670968E+01 -0.79791047E+01
  0.25774858E+01 -0.79890895E+01
  0.25878748E+01 -0.79987565E+01
  0.25982639E+01 -0.80080909E+01
  0.26086529E+01 -0.80170790E+01
  0.26190419E+01 -0.80257085E+01
  0.26294309E+01 -0.80339681E+01
  0.26398200E+01 -0.80418478E+01
  0.26502090E+01 -0.80493387E+01
  0.26605980E+01 -0.80564329E+01
  0.26709870E+01 -0.80631234E+01
  0.26813761E+01 -0.80694044E+01
  0.26917651E+01 -0.80752706E+01
  0.27021541E+01 -0.80807177E+01
  0.27125431E+01 -0.80857418E+01
  0.27229322E+01 -0.80903396E+01
  0.27333212E+01 -0.80945084E+01
  0.27437102E+01 -0.80982454E+01
  0.27540992E+01 -0.81015486E+01
  0.27644883E+01 -0.81044157E+01
  0.27748773E+01 -0.81068450E+01
  0.27852663E+01 -0.81088350E+01
  0.27956553E+01 -0.81103843E+01
  0.28060444E+01 -0.81114917E+01
  0.28164334E+01 -0.81121564E+01
  0.28267801E+01 -0.81123781E+01
  
  0.00000000E+00 -0.53480913E+01
  0.10346733E-01 -0.53477613E+01
  0.20693467E-01 -0.53467720E+01
  0.31040200E-01 -0.53451256E+01
  0.41386933E-01 -0.53428269E+01
  0.51733667E-01 -0.53398845E+01
  0.62080400E-01 -0.53363132E+01
  0.72427133E-01 -0.53321357E+01
  0.82773866E-01 -0.53273866E+01
  0.93120600E-01 -0.53221179E+01
  0.10346733E+00 -0.53164159E+01
  0.11381407E+00 -0.53104602E+01
  0.12416080E+00 -0.53048687E+01
  0.13450753E+00 -0.53047335E+01
  0.14485427E+00 -0.53269981E+01
  0.15520100E+00 -0.53582121E+01
  0.16554773E+00 -0.53917812E+01
  0.17589447E+00 -0.54269240E+01
  0.18624120E+00 -0.54634146E+01
  0.19658793E+00 -0.55011379E+01
  0.20693467E+00 -0.55400132E+01
  0.21728140E+00 -0.55799732E+01
  0.22762813E+00 -0.56209549E+01
  0.23797487E+00 -0.56628957E+01
  0.24832160E+00 -0.57057311E+01
  0.25866833E+00 -0.57493935E+01
  0.26901507E+00 -0.57938122E+01
  0.27936180E+00 -0.58389132E+01
  0.28970853E+00 -0.58846204E+01
  0.30005527E+00 -0.59308560E+01
  0.31040200E+00 -0.59775419E+01
  0.32074873E+00 -0.60246003E+01
  0.33109547E+00 -0.60719547E+01
  0.34144220E+00 -0.61195307E+01
  0.35178893E+00 -0.61672556E+01
  0.36213567E+00 -0.62150585E+01
  0.37248240E+00 -0.62628693E+01
  0.38282913E+00 -0.63106177E+01
  0.39317587E+00 -0.63582314E+01
  0.40352260E+00 -0.64056346E+01
  0.41386933E+00 -0.64527460E+01
  0.42421607E+00 -0.64994773E+01
  0.43456280E+00 -0.65457314E+01
  0.44490953E+00 -0.65914010E+01
  0.45525627E+00 -0.66363676E+01
  0.46560300E+00 -0.66805000E+01
  0.47594973E+00 -0.67236535E+01
  0.48629647E+00 -0.67656697E+01
  0.49664320E+00 -0.68063766E+01
  0.50698993E+00 -0.68455897E+01
  0.51733667E+00 -0.68831145E+01
  0.52768340E+00 -0.69187514E+01
  0.53803013E+00 -0.69523028E+01
  0.54837687E+00 -0.69835827E+01
  0.55872360E+00 -0.70124299E+01
  0.56907033E+00 -0.70387226E+01
  0.57941707E+00 -0.70623931E+01
  0.58976380E+00 -0.70834408E+01
  0.60011053E+00 -0.71019392E+01
  0.61045727E+00 -0.71180358E+01
  0.62080400E+00 -0.71319441E+01
  0.63115073E+00 -0.71439294E+01
  0.64149747E+00 -0.71542904E+01
  0.65184420E+00 -0.71633416E+01
  0.66219093E+00 -0.71713975E+01
  0.67253767E+00 -0.71787616E+01
  0.68288440E+00 -0.71857182E+01
  0.69323113E+00 -0.71925291E+01
  0.70357786E+00 -0.71994314E+01
  0.71392460E+00 -0.72066374E+01
  0.72427133E+00 -0.72143338E+01
  0.73461806E+00 -0.72226811E+01
  0.74496480E+00 -0.72318125E+01
  0.75531153E+00 -0.72418311E+01
  0.76565826E+00 -0.72528076E+01
  0.77600500E+00 -0.72647780E+01
  0.78635173E+00 -0.72777420E+01
  0.79669846E+00 -0.72916624E+01
  0.80704520E+00 -0.73064671E+01
  0.81739193E+00 -0.73220519E+01
  0.82773866E+00 -0.73382858E+01
  0.83808540E+00 -0.73550174E+01
  0.84843213E+00 -0.73720819E+01
  0.85877886E+00 -0.73893079E+01
  0.86912560E+00 -0.74065242E+01
  0.87947233E+00 -0.74235646E+01
  0.88981906E+00 -0.74402720E+01
  0.90016580E+00 -0.74565002E+01
  0.91051253E+00 -0.74721146E+01
  0.92085926E+00 -0.74869917E+01
  0.93120600E+00 -0.75010179E+01
  0.94155273E+00 -0.75140876E+01
  0.95189946E+00 -0.75261017E+01
  0.96224620E+00 -0.75369669E+01
  0.97259293E+00 -0.75465948E+01
  0.98293966E+00 -0.75549030E+01
  0.99328640E+00 -0.75618162E+01
  0.10036331E+01 -0.75672682E+01
  0.10139799E+01 -0.75712040E+01
  0.10243266E+01 -0.75735826E+01
  0.10346261E+01 -0.75743784E+01
  0.10449255E+01 -0.75741957E+01
  0.10552250E+01 -0.75736480E+01
  0.10655245E+01 -0.75727369E+01
  0.10758239E+01 -0.75714645E+01
  0.10861234E+01 -0.75698337E+01
  0.10964228E+01 -0.75678475E+01
  0.11067223E+01 -0.75655092E+01
  0.11170218E+01 -0.75628218E+01
  0.11273212E+01 -0.75597883E+01
  0.11376207E+01 -0.75564115E+01
  0.11479202E+01 -0.75526942E+01
  0.11582196E+01 -0.75486401E+01
  0.11685191E+01 -0.75442532E+01
  0.11788186E+01 -0.75395392E+01
  0.11891180E+01 -0.75345057E+01
  0.11994175E+01 -0.75291623E+01
  0.12097170E+01 -0.75235212E+01
  0.12200164E+01 -0.75175966E+01
  0.12303159E+01 -0.75114053E+01
  0.12406153E+01 -0.75049656E+01
  0.12509148E+01 -0.74982966E+01
  0.12612143E+01 -0.74914180E+01
  0.12715137E+01 -0.74843488E+01
  0.12818132E+01 -0.74771067E+01
  0.12921127E+01 -0.74697080E+01
  0.13024121E+01 -0.74621667E+01
  0.13127116E+01 -0.74544953E+01
  0.13230111E+01 -0.74467052E+01
  0.13333105E+01 -0.74388072E+01
  0.13436100E+01 -0.74308138E+01
  0.13539095E+01 -0.74227400E+01
  0.13642089E+01 -0.74146051E+01
  0.13745084E+01 -0.74064349E+01
  0.13848078E+01 -0.73982623E+01
  0.13951073E+01 -0.73901288E+01
  0.14054068E+01 -0.73820850E+01
  0.14157062E+01 -0.73741901E+01
  0.14260057E+01 -0.73665112E+01
  0.14363052E+01 -0.73591217E+01
  0.14466046E+01 -0.73520998E+01
  0.14569041E+01 -0.73455256E+01
  0.14672036E+01 -0.73394791E+01
  0.14775030E+01 -0.73340379E+01
  0.14878025E+01 -0.73292752E+01
  0.14981020E+01 -0.73252589E+01
  0.15084014E+01 -0.73220507E+01
  0.15187009E+01 -0.73197062E+01
  0.15290003E+01 -0.73182755E+01
  0.15392998E+01 -0.73202280E+01
  0.15495993E+01 -0.73366085E+01
  0.15598987E+01 -0.73504683E+01
  0.15701982E+01 -0.73615624E+01
  0.15804977E+01 -0.73696554E+01
  0.15907971E+01 -0.73745498E+01
  0.16010966E+01 -0.73761197E+01
  0.16113961E+01 -0.73743404E+01
  0.16216955E+01 -0.73693048E+01
  0.16320845E+01 -0.73612180E+01
  0.16424736E+01 -0.73712517E+01
  0.16528626E+01 -0.73820609E+01
  0.16632516E+01 -0.73934985E+01
  0.16736406E+01 -0.74054005E+01
  0.16840297E+01 -0.74175918E+01
  0.16944187E+01 -0.74298942E+01
  0.17048077E+01 -0.74421328E+01
  0.17151967E+01 -0.74541414E+01
  0.17255858E+01 -0.74657671E+01
  0.17359748E+01 -0.74768714E+01
  0.17463638E+01 -0.74873319E+01
  0.17567528E+01 -0.74970401E+01
  0.17671419E+01 -0.75058995E+01
  0.17775309E+01 -0.75138226E+01
  0.17879199E+01 -0.75207269E+01
  0.17983089E+01 -0.75265325E+01
  0.18086980E+01 -0.75311589E+01
  0.18190870E+01 -0.75345234E+01
  0.18294760E+01 -0.75365413E+01
  0.18398650E+01 -0.75371265E+01
  0.18502541E+01 -0.75361938E+01
  0.18606431E+01 -0.75336624E+01
  0.18710321E+01 -0.75294601E+01
  0.18814211E+01 -0.75235267E+01
  0.18918102E+01 -0.75158187E+01
  0.19021992E+01 -0.75063111E+01
  0.19125882E+01 -0.74949994E+01
  0.19229772E+01 -0.74818989E+01
  0.19333663E+01 -0.74670430E+01
  0.19437553E+01 -0.74504799E+01
  0.19541443E+01 -0.74322681E+01
  0.19645333E+01 -0.74124711E+01
  0.19749224E+01 -0.73911528E+01
  0.19853114E+01 -0.73683727E+01
  0.19957004E+01 -0.73441825E+01
  0.20060894E+01 -0.73186245E+01
  0.20164785E+01 -0.72917306E+01
  0.20268675E+01 -0.72635241E+01
  0.20372565E+01 -0.72340226E+01
  0.20476455E+01 -0.72032419E+01
  0.20580346E+01 -0.71712018E+01
  0.20684236E+01 -0.71379317E+01
  0.20788126E+01 -0.71034756E+01
  0.20892016E+01 -0.70678972E+01
  0.20995907E+01 -0.70312823E+01
  0.21099797E+01 -0.69937393E+01
  0.21203687E+01 -0.69553970E+01
  0.21307577E+01 -0.69163992E+01
  0.21411468E+01 -0.68768979E+01
  0.21515358E+01 -0.68370437E+01
  0.21619248E+01 -0.67969768E+01
  0.21723138E+01 -0.67568188E+01
  0.21827029E+01 -0.67314664E+01
  0.21930919E+01 -0.67241983E+01
  0.22034809E+01 -0.67158230E+01
  0.22138699E+01 -0.67062506E+01
  0.22242590E+01 -0.66954031E+01
  0.22346480E+01 -0.66832152E+01
  0.22450370E+01 -0.66696354E+01
  0.22554260E+01 -0.66546260E+01
  0.22658151E+01 -0.66381636E+01
  0.22762041E+01 -0.66202384E+01
  0.22865931E+01 -0.66008530E+01
  0.22969821E+01 -0.65800218E+01
  0.23073712E+01 -0.65577690E+01
  0.23177602E+01 -0.65341280E+01
  0.23281492E+01 -0.65091392E+01
  0.23385382E+01 -0.64828493E+01
  0.23489273E+01 -0.64553097E+01
  0.23593163E+01 -0.64265757E+01
  0.23697053E+01 -0.63967053E+01
  0.23800943E+01 -0.63657591E+01
  0.23904834E+01 -0.63337990E+01
  0.24008724E+01 -0.63008884E+01
  0.24112614E+01 -0.62670916E+01
  0.24216504E+01 -0.62324740E+01
  0.24320395E+01 -0.61971019E+01
  0.24424285E+01 -0.61610424E+01
  0.24528175E+01 -0.61243637E+01
  0.24632065E+01 -0.60871351E+01
  0.24735956E+01 -0.60494272E+01
  0.24839846E+01 -0.60113120E+01
  0.24943736E+01 -0.59728626E+01
  0.25047626E+01 -0.59341538E+01
  0.25151517E+01 -0.58952611E+01
  0.25255407E+01 -0.58562615E+01
  0.25359297E+01 -0.58172326E+01
  0.25463187E+01 -0.57782526E+01
  0.25567078E+01 -0.57394001E+01
  0.25670968E+01 -0.57007537E+01
  0.25774858E+01 -0.56623918E+01
  0.25878748E+01 -0.56243930E+01
  0.25982639E+01 -0.55868354E+01
  0.26086529E+01 -0.55497975E+01
  0.26190419E+01 -0.55133586E+01
  0.26294309E+01 -0.54775993E+01
  0.26398200E+01 -0.54426032E+01
  0.26502090E+01 -0.54084584E+01
  0.26605980E+01 -0.53752596E+01
  0.26709870E+01 -0.53431112E+01
  0.26813761E+01 -0.53121314E+01
  0.26917651E+01 -0.52965529E+01
  0.27021541E+01 -0.53032840E+01
  0.27125431E+01 -0.53098355E+01
  0.27229322E+01 -0.53160662E+01
  0.27333212E+01 -0.53218822E+01
  0.27437102E+01 -0.53272137E+01
  0.27540992E+01 -0.53320064E+01
  0.27644883E+01 -0.53362184E+01
  0.27748773E+01 -0.53398184E+01
  0.27852663E+01 -0.53427843E+01
  0.27956553E+01 -0.53451016E+01
  0.28060444E+01 -0.53467613E+01
  0.28164334E+01 -0.53477586E+01
  0.28267801E+01 -0.53480913E+01
  
  0.00000000E+00 -0.50942055E+01
  0.10346733E-01 -0.50950756E+01
  0.20693467E-01 -0.50977492E+01
  0.31040200E-01 -0.51024086E+01
  0.41386933E-01 -0.51093289E+01
  0.51733667E-01 -0.51188208E+01
  0.62080400E-01 -0.51311423E+01
  0.72427133E-01 -0.51464139E+01
  0.82773866E-01 -0.51645822E+01
  0.93120600E-01 -0.51854474E+01
  0.10346733E+00 -0.52087129E+01
  0.11381407E+00 -0.52339851E+01
  0.12416080E+00 -0.52604621E+01
  0.13450753E+00 -0.52829093E+01
  0.14485427E+00 -0.52842809E+01
  0.15520100E+00 -0.52779589E+01
  0.16554773E+00 -0.52704956E+01
  0.17589447E+00 -0.52626489E+01
  0.18624120E+00 -0.52698230E+01
  0.19658793E+00 -0.52845373E+01
  0.20693467E+00 -0.52993486E+01
  0.21728140E+00 -0.53142227E+01
  0.22762813E+00 -0.53291297E+01
  0.23797487E+00 -0.53440438E+01
  0.24832160E+00 -0.53589426E+01
  0.25866833E+00 -0.53738072E+01
  0.26901507E+00 -0.53886220E+01
  0.27936180E+00 -0.54033737E+01
  0.28970853E+00 -0.54180511E+01
  0.30005527E+00 -0.54326445E+01
  0.31040200E+00 -0.54471447E+01
  0.32074873E+00 -0.54615428E+01
  0.33109547E+00 -0.54758289E+01
  0.34144220E+00 -0.54899920E+01
  0.35178893E+00 -0.55040190E+01
  0.36213567E+00 -0.55178945E+01
  0.37248240E+00 -0.55316007E+01
  0.38282913E+00 -0.55451171E+01
  0.39317587E+00 -0.55584207E+01
  0.40352260E+00 -0.55714867E+01
  0.41386933E+00 -0.55842888E+01
  0.42421607E+00 -0.55967997E+01
  0.43456280E+00 -0.56089922E+01
  0.44490953E+00 -0.56208401E+01
  0.45525627E+00 -0.56323186E+01
  0.46560300E+00 -0.56434053E+01
  0.47594973E+00 -0.56540808E+01
  0.48629647E+00 -0.56643289E+01
  0.49664320E+00 -0.56741371E+01
  0.50698993E+00 -0.56834969E+01
  0.51733667E+00 -0.56924031E+01
  0.52768340E+00 -0.57008541E+01
  0.53803013E+00 -0.57088513E+01
  0.54837687E+00 -0.57163988E+01
  0.55872360E+00 -0.57235026E+01
  0.56907033E+00 -0.57301703E+01
  0.57941707E+00 -0.57364108E+01
  0.58976380E+00 -0.57422331E+01
  0.60011053E+00 -0.57476466E+01
  0.61045727E+00 -0.57526605E+01
  0.62080400E+00 -0.57572836E+01
  0.63115073E+00 -0.57615241E+01
  0.64149747E+00 -0.57653894E+01
  0.65184420E+00 -0.57688866E+01
  0.66219093E+00 -0.57720220E+01
  0.67253767E+00 -0.57748019E+01
  0.68288440E+00 -0.57772324E+01
  0.69323113E+00 -0.57793197E+01
  0.70357786E+00 -0.57847029E+01
  0.71392460E+00 -0.58098228E+01
  0.72427133E+00 -0.58336251E+01
  0.73461806E+00 -0.58559539E+01
  0.74496480E+00 -0.58766744E+01
  0.75531153E+00 -0.58956765E+01
  0.76565826E+00 -0.59128782E+01
  0.77600500E+00 -0.59282285E+01
  0.78635173E+00 -0.59417096E+01
  0.79669846E+00 -0.59533370E+01
  0.80704520E+00 -0.59631589E+01
  0.81739193E+00 -0.59712529E+01
  0.82773866E+00 -0.59777219E+01
  0.83808540E+00 -0.59826889E+01
  0.84843213E+00 -0.59862901E+01
  0.85877886E+00 -0.59886698E+01
  0.86912560E+00 -0.59899745E+01
  0.87947233E+00 -0.59903484E+01
  0.88981906E+00 -0.59899308E+01
  0.90016580E+00 -0.59888539E+01
  0.91051253E+00 -0.59872426E+01
  0.92085926E+00 -0.59852149E+01
  0.93120600E+00 -0.59828829E+01
  0.94155273E+00 -0.59803543E+01
  0.95189946E+00 -0.59777332E+01
  0.96224620E+00 -0.59751206E+01
  0.97259293E+00 -0.59726142E+01
  0.98293966E+00 -0.59703070E+01
  0.99328640E+00 -0.59682849E+01
  0.10036331E+01 -0.59666246E+01
  0.10139799E+01 -0.59653900E+01
  0.10243266E+01 -0.59646291E+01
  0.10346261E+01 -0.59643721E+01
  0.10449255E+01 -0.59644803E+01
  0.10552250E+01 -0.59648062E+01
  0.10655245E+01 -0.59653544E+01
  0.10758239E+01 -0.59661321E+01
  0.10861234E+01 -0.59671501E+01
  0.10964228E+01 -0.59684223E+01
  0.11067223E+01 -0.59699661E+01
  0.11170218E+01 -0.59718025E+01
  0.11273212E+01 -0.59739551E+01
  0.11376207E+01 -0.59764503E+01
  0.11479202E+01 -0.59793163E+01
  0.11582196E+01 -0.60128290E+01
  0.11685191E+01 -0.60483384E+01
  0.11788186E+01 -0.60849639E+01
  0.11891180E+01 -0.61225585E+01
  0.11994175E+01 -0.61609879E+01
  0.12097170E+01 -0.62001284E+01
  0.12200164E+01 -0.62398653E+01
  0.12303159E+01 -0.62800915E+01
  0.12406153E+01 -0.63207064E+01
  0.12509148E+01 -0.63616145E+01
  0.12612143E+01 -0.64027253E+01
  0.12715137E+01 -0.64439517E+01
  0.12818132E+01 -0.64852103E+01
  0.12921127E+01 -0.65264204E+01
  0.13024121E+01 -0.65675041E+01
  0.13127116E+01 -0.66083855E+01
  0.13230111E+01 -0.66489914E+01
  0.13333105E+01 -0.66892505E+01
  0.13436100E+01 -0.67290939E+01
  0.13539095E+01 -0.67684545E+01
  0.13642089E+01 -0.68072676E+01
  0.13745084E+01 -0.68454703E+01
  0.13848078E+01 -0.68830013E+01
  0.13951073E+01 -0.69198007E+01
  0.14054068E+01 -0.69558095E+01
  0.14157062E+01 -0.69909691E+01
  0.14260057E+01 -0.70252201E+01
  0.14363052E+01 -0.70585017E+01
  0.14466046E+01 -0.70907502E+01
  0.14569041E+01 -0.71218977E+01
  0.14672036E+01 -0.71518706E+01
  0.14775030E+01 -0.71805869E+01
  0.14878025E+01 -0.72079545E+01
  0.14981020E+01 -0.72338677E+01
  0.15084014E+01 -0.72582049E+01
  0.15187009E+01 -0.72808244E+01
  0.15290003E+01 -0.73015619E+01
  0.15392998E+01 -0.73178038E+01
  0.15495993E+01 -0.73183323E+01
  0.15598987E+01 -0.73198979E+01
  0.15701982E+01 -0.73225326E+01
  0.15804977E+01 -0.73262611E+01
  0.15907971E+01 -0.73310978E+01
  0.16010966E+01 -0.73370427E+01
  0.16113961E+01 -0.73440767E+01
  0.16216955E+01 -0.73521578E+01
  0.16320845E+01 -0.73612178E+01
  0.16424736E+01 -0.73502675E+01
  0.16528626E+01 -0.73368652E+01
  0.16632516E+01 -0.73213824E+01
  0.16736406E+01 -0.73041800E+01
  0.16840297E+01 -0.72855902E+01
  0.16944187E+01 -0.72659094E+01
  0.17048077E+01 -0.72453965E+01
  0.17151967E+01 -0.72242758E+01
  0.17255858E+01 -0.72027410E+01
  0.17359748E+01 -0.71809602E+01
  0.17463638E+01 -0.71590798E+01
  0.17567528E+01 -0.71372285E+01
  0.17671419E+01 -0.71155200E+01
  0.17775309E+01 -0.70940559E+01
  0.17879199E+01 -0.70729274E+01
  0.17983089E+01 -0.70522163E+01
  0.18086980E+01 -0.70319966E+01
  0.18190870E+01 -0.70123347E+01
  0.18294760E+01 -0.69932904E+01
  0.18398650E+01 -0.69749167E+01
  0.18502541E+01 -0.69572605E+01
  0.18606431E+01 -0.69403621E+01
  0.18710321E+01 -0.69242561E+01
  0.18814211E+01 -0.69089705E+01
  0.18918102E+01 -0.68945274E+01
  0.19021992E+01 -0.68809429E+01
  0.19125882E+01 -0.68682266E+01
  0.19229772E+01 -0.68563823E+01
  0.19333663E+01 -0.68454076E+01
  0.19437553E+01 -0.68352941E+01
  0.19541443E+01 -0.68260273E+01
  0.19645333E+01 -0.68175867E+01
  0.19749224E+01 -0.68099460E+01
  0.19853114E+01 -0.68030727E+01
  0.19957004E+01 -0.67969284E+01
  0.20060894E+01 -0.67914688E+01
  0.20164785E+01 -0.67866434E+01
  0.20268675E+01 -0.67823960E+01
  0.20372565E+01 -0.67786639E+01
  0.20476455E+01 -0.67753784E+01
  0.20580346E+01 -0.67724647E+01
  0.20684236E+01 -0.67698416E+01
  0.20788126E+01 -0.67674217E+01
  0.20892016E+01 -0.67651117E+01
  0.20995907E+01 -0.67628123E+01
  0.21099797E+01 -0.67604188E+01
  0.21203687E+01 -0.67578216E+01
  0.21307577E+01 -0.67549071E+01
  0.21411468E+01 -0.67515585E+01
  0.21515358E+01 -0.67476576E+01
  0.21619248E+01 -0.67430858E+01
  0.21723138E+01 -0.67377264E+01
  0.21827029E+01 -0.67166660E+01
  0.21930919E+01 -0.66765871E+01
  0.22034809E+01 -0.66366234E+01
  0.22138699E+01 -0.65967925E+01
  0.22242590E+01 -0.65570945E+01
  0.22346480E+01 -0.65175200E+01
  0.22450370E+01 -0.64780571E+01
  0.22554260E+01 -0.64386985E+01
  0.22658151E+01 -0.63994460E+01
  0.22762041E+01 -0.63603134E+01
  0.22865931E+01 -0.63213271E+01
  0.22969821E+01 -0.62825253E+01
  0.23073712E+01 -0.62439562E+01
  0.23177602E+01 -0.62056751E+01
  0.23281492E+01 -0.61677418E+01
  0.23385382E+01 -0.61302177E+01
  0.23489273E+01 -0.60931629E+01
  0.23593163E+01 -0.60566329E+01
  0.23697053E+01 -0.60206759E+01
  0.23800943E+01 -0.59853300E+01
  0.23904834E+01 -0.59506208E+01
  0.24008724E+01 -0.59165605E+01
  0.24112614E+01 -0.58831476E+01
  0.24216504E+01 -0.58503685E+01
  0.24320395E+01 -0.58182009E+01
  0.24424285E+01 -0.57866180E+01
  0.24528175E+01 -0.57555929E+01
  0.24632065E+01 -0.57251039E+01
  0.24735956E+01 -0.56951379E+01
  0.24839846E+01 -0.56656935E+01
  0.24943736E+01 -0.56367812E+01
  0.25047626E+01 -0.56084235E+01
  0.25151517E+01 -0.55806522E+01
  0.25255407E+01 -0.55535058E+01
  0.25359297E+01 -0.55270252E+01
  0.25463187E+01 -0.55012506E+01
  0.25567078E+01 -0.54762183E+01
  0.25670968E+01 -0.54519577E+01
  0.25774858E+01 -0.54284908E+01
  0.25878748E+01 -0.54058322E+01
  0.25982639E+01 -0.53839914E+01
  0.26086529E+01 -0.53629801E+01
  0.26190419E+01 -0.53428278E+01
  0.26294309E+01 -0.53236270E+01
  0.26398200E+01 -0.53056879E+01
  0.26502090E+01 -0.52902561E+01
  0.26605980E+01 -0.52821193E+01
  0.26709870E+01 -0.52841138E+01
  0.26813761E+01 -0.52899130E+01
  0.26917651E+01 -0.52824566E+01
  0.27021541E+01 -0.52542477E+01
  0.27125431E+01 -0.52276964E+01
  0.27229322E+01 -0.52030302E+01
  0.27333212E+01 -0.51805122E+01
  0.27437102E+01 -0.51604264E+01
  0.27540992E+01 -0.51430393E+01
  0.27644883E+01 -0.51285331E+01
  0.27748773E+01 -0.51169349E+01
  0.27852663E+01 -0.51080882E+01
  0.27956553E+01 -0.51019406E+01
  0.28060444E+01 -0.50976707E+01
  0.28164334E+01 -0.50950760E+01
  0.28267801E+01 -0.50942055E+01
  
  0.00000000E+00 -0.50942055E+01
  0.10346733E-01 -0.50949826E+01
  0.20693467E-01 -0.50972974E+01
  0.31040200E-01 -0.51011013E+01
  0.41386933E-01 -0.51063187E+01
  0.51733667E-01 -0.51128537E+01
  0.62080400E-01 -0.51205970E+01
  0.72427133E-01 -0.51294328E+01
  0.82773866E-01 -0.51392448E+01
  0.93120600E-01 -0.51499199E+01
  0.10346733E+00 -0.51613514E+01
  0.11381407E+00 -0.51734401E+01
  0.12416080E+00 -0.51860951E+01
  0.13450753E+00 -0.51992340E+01
  0.14485427E+00 -0.52127821E+01
  0.15520100E+00 -0.52266725E+01
  0.16554773E+00 -0.52408446E+01
  0.17589447E+00 -0.52552443E+01
  0.18624120E+00 -0.52546332E+01
  0.19658793E+00 -0.52465591E+01
  0.20693467E+00 -0.52385054E+01
  0.21728140E+00 -0.52305377E+01
  0.22762813E+00 -0.52227157E+01
  0.23797487E+00 -0.52150969E+01
  0.24832160E+00 -0.52077392E+01
  0.25866833E+00 -0.52007033E+01
  0.26901507E+00 -0.51940546E+01
  0.27936180E+00 -0.51878642E+01
  0.28970853E+00 -0.51822101E+01
  0.30005527E+00 -0.51771761E+01
  0.31040200E+00 -0.51728518E+01
  0.32074873E+00 -0.51693292E+01
  0.33109547E+00 -0.51667008E+01
  0.34144220E+00 -0.51650558E+01
  0.35178893E+00 -0.51644767E+01
  0.36213567E+00 -0.51650359E+01
  0.37248240E+00 -0.51667932E+01
  0.38282913E+00 -0.51697933E+01
  0.39317587E+00 -0.51740648E+01
  0.40352260E+00 -0.51796194E+01
  0.41386933E+00 -0.51864527E+01
  0.42421607E+00 -0.51945461E+01
  0.43456280E+00 -0.52038695E+01
  0.44490953E+00 -0.52143858E+01
  0.45525627E+00 -0.52260551E+01
  0.46560300E+00 -0.52388403E+01
  0.47594973E+00 -0.52527108E+01
  0.48629647E+00 -0.52676463E+01
  0.49664320E+00 -0.52836387E+01
  0.50698993E+00 -0.53006921E+01
  0.51733667E+00 -0.53188205E+01
  0.52768340E+00 -0.53380442E+01
  0.53803013E+00 -0.53583845E+01
  0.54837687E+00 -0.53798568E+01
  0.55872360E+00 -0.54024640E+01
  0.56907033E+00 -0.54261906E+01
  0.57941707E+00 -0.54509968E+01
  0.58976380E+00 -0.54768159E+01
  0.60011053E+00 -0.55035519E+01
  0.61045727E+00 -0.55310810E+01
  0.62080400E+00 -0.55592533E+01
  0.63115073E+00 -0.55878967E+01
  0.64149747E+00 -0.56168218E+01
  0.65184420E+00 -0.56458267E+01
  0.66219093E+00 -0.56747020E+01
  0.67253767E+00 -0.57032356E+01
  0.68288440E+00 -0.57312164E+01
  0.69323113E+00 -0.57584383E+01
  0.70357786E+00 -0.57810709E+01
  0.71392460E+00 -0.57824938E+01
  0.72427133E+00 -0.57835976E+01
  0.73461806E+00 -0.57843930E+01
  0.74496480E+00 -0.57848926E+01
  0.75531153E+00 -0.57851112E+01
  0.76565826E+00 -0.57850653E+01
  0.77600500E+00 -0.57847739E+01
  0.78635173E+00 -0.57842575E+01
  0.79669846E+00 -0.57835383E+01
  0.80704520E+00 -0.57826398E+01
  0.81739193E+00 -0.57815858E+01
  0.82773866E+00 -0.57804007E+01
  0.83808540E+00 -0.57791080E+01
  0.84843213E+00 -0.57777308E+01
  0.85877886E+00 -0.57762908E+01
  0.86912560E+00 -0.57748080E+01
  0.87947233E+00 -0.57733014E+01
  0.88981906E+00 -0.57717879E+01
  0.90016580E+00 -0.57702836E+01
  0.91051253E+00 -0.57688035E+01
  0.92085926E+00 -0.57673620E+01
  0.93120600E+00 -0.57659734E+01
  0.94155273E+00 -0.57646520E+01
  0.95189946E+00 -0.57634126E+01
  0.96224620E+00 -0.57622700E+01
  0.97259293E+00 -0.57612396E+01
  0.98293966E+00 -0.57603361E+01
  0.99328640E+00 -0.57595740E+01
  0.10036331E+01 -0.57589662E+01
  0.10139799E+01 -0.57585235E+01
  0.10243266E+01 -0.57582544E+01
  0.10346261E+01 -0.57581641E+01
  0.10449255E+01 -0.57604642E+01
  0.10552250E+01 -0.57672819E+01
  0.10655245E+01 -0.57783866E+01
  0.10758239E+01 -0.57934441E+01
  0.10861234E+01 -0.58120679E+01
  0.10964228E+01 -0.58338635E+01
  0.11067223E+01 -0.58584571E+01
  0.11170218E+01 -0.58855099E+01
  0.11273212E+01 -0.59147213E+01
  0.11376207E+01 -0.59458279E+01
  0.11479202E+01 -0.59785985E+01
  0.11582196E+01 -0.59825819E+01
  0.11685191E+01 -0.59862759E+01
  0.11788186E+01 -0.59904256E+01
  0.11891180E+01 -0.59950562E+01
  0.11994175E+01 -0.60001898E+01
  0.12097170E+01 -0.60058447E+01
  0.12200164E+01 -0.60120357E+01
  0.12303159E+01 -0.60187741E+01
  0.12406153E+01 -0.60260684E+01
  0.12509148E+01 -0.60339247E+01
  0.12612143E+01 -0.60423486E+01
  0.12715137E+01 -0.60513455E+01
  0.12818132E+01 -0.60609219E+01
  0.12921127E+01 -0.60710859E+01
  0.13024121E+01 -0.60818473E+01
  0.13127116E+01 -0.60932174E+01
  0.13230111E+01 -0.61052078E+01
  0.13333105E+01 -0.61178292E+01
  0.13436100E+01 -0.61310888E+01
  0.13539095E+01 -0.61449883E+01
  0.13642089E+01 -0.61595214E+01
  0.13745084E+01 -0.61746710E+01
  0.13848078E+01 -0.61904076E+01
  0.13951073E+01 -0.62066869E+01
  0.14054068E+01 -0.62234499E+01
  0.14157062E+01 -0.62406222E+01
  0.14260057E+01 -0.62581149E+01
  0.14363052E+01 -0.62758266E+01
  0.14466046E+01 -0.62936456E+01
  0.14569041E+01 -0.63114524E+01
  0.14672036E+01 -0.63291231E+01
  0.14775030E+01 -0.63465324E+01
  0.14878025E+01 -0.63635553E+01
  0.14981020E+01 -0.63800702E+01
  0.15084014E+01 -0.63959588E+01
  0.15187009E+01 -0.64111075E+01
  0.15290003E+01 -0.64254062E+01
  0.15392998E+01 -0.64387486E+01
  0.15495993E+01 -0.64510308E+01
  0.15598987E+01 -0.64621516E+01
  0.15701982E+01 -0.64720132E+01
  0.15804977E+01 -0.64805231E+01
  0.15907971E+01 -0.64875969E+01
  0.16010966E+01 -0.64931628E+01
  0.16113961E+01 -0.64971658E+01
  0.16216955E+01 -0.64995720E+01
  0.16320845E+01 -0.65003717E+01
  0.16424736E+01 -0.64995675E+01
  0.16528626E+01 -0.64971872E+01
  0.16632516E+01 -0.64932957E+01
  0.16736406E+01 -0.64879759E+01
  0.16840297E+01 -0.64813227E+01
  0.16944187E+01 -0.64734361E+01
  0.17048077E+01 -0.64644154E+01
  0.17151967E+01 -0.64543537E+01
  0.17255858E+01 -0.64433343E+01
  0.17359748E+01 -0.64314284E+01
  0.17463638E+01 -0.64186945E+01
  0.17567528E+01 -0.64051794E+01
  0.17671419E+01 -0.63909201E+01
  0.17775309E+01 -0.63759468E+01
  0.17879199E+01 -0.63602858E+01
  0.17983089E+01 -0.63439630E+01
  0.18086980E+01 -0.63270064E+01
  0.18190870E+01 -0.63094481E+01
  0.18294760E+01 -0.62913253E+01
  0.18398650E+01 -0.62726804E+01
  0.18502541E+01 -0.62535594E+01
  0.18606431E+01 -0.62340100E+01
  0.18710321E+01 -0.62140787E+01
  0.18814211E+01 -0.61938076E+01
  0.18918102E+01 -0.61732318E+01
  0.19021992E+01 -0.61523767E+01
  0.19125882E+01 -0.61312575E+01
  0.19229772E+01 -0.61098784E+01
  0.19333663E+01 -0.60882341E+01
  0.19437553E+01 -0.60663123E+01
  0.19541443E+01 -0.60440967E+01
  0.19645333E+01 -0.60215709E+01
  0.19749224E+01 -0.59987220E+01
  0.19853114E+01 -0.59755441E+01
  0.19957004E+01 -0.59520411E+01
  0.20060894E+01 -0.59282283E+01
  0.20164785E+01 -0.59041332E+01
  0.20268675E+01 -0.58797952E+01
  0.20372565E+01 -0.58552632E+01
  0.20476455E+01 -0.58305935E+01
  0.20580346E+01 -0.58058458E+01
  0.20684236E+01 -0.57810793E+01
  0.20788126E+01 -0.57563484E+01
  0.20892016E+01 -0.57316992E+01
  0.20995907E+01 -0.57071670E+01
  0.21099797E+01 -0.56827750E+01
  0.21203687E+01 -0.56585357E+01
  0.21307577E+01 -0.56344535E+01
  0.21411468E+01 -0.56105294E+01
  0.21515358E+01 -0.55867664E+01
  0.21619248E+01 -0.55631759E+01
  0.21723138E+01 -0.55397818E+01
  0.21827029E+01 -0.55166237E+01
  0.21930919E+01 -0.54937573E+01
  0.22034809E+01 -0.54712516E+01
  0.22138699E+01 -0.54491846E+01
  0.22242590E+01 -0.54276370E+01
  0.22346480E+01 -0.54066853E+01
  0.22450370E+01 -0.53863968E+01
  0.22554260E+01 -0.53668253E+01
  0.22658151E+01 -0.53480100E+01
  0.22762041E+01 -0.53299756E+01
  0.22865931E+01 -0.53127356E+01
  0.22969821E+01 -0.52962957E+01
  0.23073712E+01 -0.52806585E+01
  0.23177602E+01 -0.52658271E+01
  0.23281492E+01 -0.52518085E+01
  0.23385382E+01 -0.52386158E+01
  0.23489273E+01 -0.52262693E+01
  0.23593163E+01 -0.52147970E+01
  0.23697053E+01 -0.52042338E+01
  0.23800943E+01 -0.51946204E+01
  0.23904834E+01 -0.51860018E+01
  0.24008724E+01 -0.51784247E+01
  0.24112614E+01 -0.51719343E+01
  0.24216504E+01 -0.51665710E+01
  0.24320395E+01 -0.51623659E+01
  0.24424285E+01 -0.51593373E+01
  0.24528175E+01 -0.51574872E+01
  0.24632065E+01 -0.51567987E+01
  0.24735956E+01 -0.51572357E+01
  0.24839846E+01 -0.51587434E+01
  0.24943736E+01 -0.51612505E+01
  0.25047626E+01 -0.51646732E+01
  0.25151517E+01 -0.51689188E+01
  0.25255407E+01 -0.51738910E+01
  0.25359297E+01 -0.51794933E+01
  0.25463187E+01 -0.51856328E+01
  0.25567078E+01 -0.51922226E+01
  0.25670968E+01 -0.51991821E+01
  0.25774858E+01 -0.52064373E+01
  0.25878748E+01 -0.52139188E+01
  0.25982639E+01 -0.52215576E+01
  0.26086529E+01 -0.52292782E+01
  0.26190419E+01 -0.52369819E+01
  0.26294309E+01 -0.52445032E+01
  0.26398200E+01 -0.52514557E+01
  0.26502090E+01 -0.52565175E+01
  0.26605980E+01 -0.52548269E+01
  0.26709870E+01 -0.52434790E+01
  0.26813761E+01 -0.52287411E+01
  0.26917651E+01 -0.52135299E+01
  0.27021541E+01 -0.51985635E+01
  0.27125431E+01 -0.51840991E+01
  0.27229322E+01 -0.51702844E+01
  0.27333212E+01 -0.51572403E+01
  0.27437102E+01 -0.51450844E+01
  0.27540992E+01 -0.51339380E+01
  0.27644883E+01 -0.51239260E+01
  0.27748773E+01 -0.51151751E+01
  0.27852663E+01 -0.51078084E+01
  0.27956553E+01 -0.51016990E+01
  0.28060444E+01 -0.50974311E+01
  0.28164334E+01 -0.50949958E+01
  0.28267801E+01 -0.50942055E+01
  
  0.00000000E+00 -0.49759882E+01
  0.10346733E-01 -0.49771200E+01
  0.20693467E-01 -0.49803759E+01
  0.31040200E-01 -0.49853630E+01
  0.41386933E-01 -0.49915079E+01
  0.51733667E-01 -0.49981669E+01
  0.62080400E-01 -0.50047541E+01
  0.72427133E-01 -0.50108497E+01
  0.82773866E-01 -0.50162434E+01
  0.93120600E-01 -0.50209024E+01
  0.10346733E+00 -0.50249008E+01
  0.11381407E+00 -0.50283558E+01
  0.12416080E+00 -0.50313880E+01
  0.13450753E+00 -0.50341032E+01
  0.14485427E+00 -0.50365883E+01
  0.15520100E+00 -0.50389116E+01
  0.16554773E+00 -0.50411262E+01
  0.17589447E+00 -0.50432725E+01
  0.18624120E+00 -0.50453808E+01
  0.19658793E+00 -0.50474734E+01
  0.20693467E+00 -0.50495663E+01
  0.21728140E+00 -0.50516710E+01
  0.22762813E+00 -0.50537949E+01
  0.23797487E+00 -0.50559432E+01
  0.24832160E+00 -0.50581192E+01
  0.25866833E+00 -0.50603251E+01
  0.26901507E+00 -0.50625625E+01
  0.27936180E+00 -0.50648330E+01
  0.28970853E+00 -0.50671381E+01
  0.30005527E+00 -0.50694801E+01
  0.31040200E+00 -0.50718615E+01
  0.32074873E+00 -0.50742856E+01
  0.33109547E+00 -0.50767566E+01
  0.34144220E+00 -0.50792791E+01
  0.35178893E+00 -0.50818579E+01
  0.36213567E+00 -0.50844972E+01
  0.37248240E+00 -0.50872006E+01
  0.38282913E+00 -0.50899700E+01
  0.39317587E+00 -0.50928057E+01
  0.40352260E+00 -0.50957065E+01
  0.41386933E+00 -0.50986702E+01
  0.42421607E+00 -0.51016942E+01
  0.43456280E+00 -0.51047759E+01
  0.44490953E+00 -0.51079134E+01
  0.45525627E+00 -0.51111052E+01
  0.46560300E+00 -0.51143505E+01
  0.47594973E+00 -0.51176491E+01
  0.48629647E+00 -0.51210014E+01
  0.49664320E+00 -0.51244083E+01
  0.50698993E+00 -0.51278708E+01
  0.51733667E+00 -0.51313903E+01
  0.52768340E+00 -0.51349683E+01
  0.53803013E+00 -0.51386062E+01
  0.54837687E+00 -0.51423056E+01
  0.55872360E+00 -0.51460680E+01
  0.56907033E+00 -0.51498950E+01
  0.57941707E+00 -0.51537884E+01
  0.58976380E+00 -0.51577502E+01
  0.60011053E+00 -0.51617824E+01
  0.61045727E+00 -0.51658874E+01
  0.62080400E+00 -0.51700678E+01
  0.63115073E+00 -0.51743261E+01
  0.64149747E+00 -0.51786649E+01
  0.65184420E+00 -0.51830863E+01
  0.66219093E+00 -0.51875925E+01
  0.67253767E+00 -0.51921849E+01
  0.68288440E+00 -0.51968643E+01
  0.69323113E+00 -0.52016308E+01
  0.70357786E+00 -0.52064841E+01
  0.71392460E+00 -0.52114226E+01
  0.72427133E+00 -0.52164445E+01
  0.73461806E+00 -0.52215469E+01
  0.74496480E+00 -0.52267264E+01
  0.75531153E+00 -0.52319789E+01
  0.76565826E+00 -0.52372999E+01
  0.77600500E+00 -0.52426838E+01
  0.78635173E+00 -0.52481245E+01
  0.79669846E+00 -0.52536148E+01
  0.80704520E+00 -0.52591461E+01
  0.81739193E+00 -0.52647084E+01
  0.82773866E+00 -0.52702894E+01
  0.83808540E+00 -0.52758746E+01
  0.84843213E+00 -0.52814466E+01
  0.85877886E+00 -0.52869852E+01
  0.86912560E+00 -0.52924671E+01
  0.87947233E+00 -0.52978658E+01
  0.88981906E+00 -0.53031524E+01
  0.90016580E+00 -0.53082952E+01
  0.91051253E+00 -0.53132606E+01
  0.92085926E+00 -0.53180136E+01
  0.93120600E+00 -0.53225180E+01
  0.94155273E+00 -0.53267373E+01
  0.95189946E+00 -0.53306353E+01
  0.96224620E+00 -0.53341764E+01
  0.97259293E+00 -0.53373264E+01
  0.98293966E+00 -0.53400535E+01
  0.99328640E+00 -0.53423286E+01
  0.10036331E+01 -0.53441263E+01
  0.10139799E+01 -0.53454260E+01
  0.10243266E+01 -0.53462122E+01
  0.10346261E+01 -0.53464753E+01
  0.10449255E+01 -0.53454406E+01
  0.10552250E+01 -0.53424117E+01
  0.10655245E+01 -0.53375969E+01
  0.10758239E+01 -0.53312946E+01
  0.10861234E+01 -0.53238418E+01
  0.10964228E+01 -0.53155712E+01
  0.11067223E+01 -0.53067840E+01
  0.11170218E+01 -0.52977367E+01
  0.11273212E+01 -0.52886389E+01
  0.11376207E+01 -0.52796567E+01
  0.11479202E+01 -0.52709181E+01
  0.11582196E+01 -0.52625192E+01
  0.11685191E+01 -0.52545302E+01
  0.11788186E+01 -0.52470003E+01
  0.11891180E+01 -0.52399616E+01
  0.11994175E+01 -0.52334324E+01
  0.12097170E+01 -0.52274203E+01
  0.12200164E+01 -0.52219240E+01
  0.12303159E+01 -0.52169354E+01
  0.12406153E+01 -0.52124410E+01
  0.12509148E+01 -0.52084236E+01
  0.12612143E+01 -0.52048630E+01
  0.12715137E+01 -0.52017369E+01
  0.12818132E+01 -0.51990222E+01
  0.12921127E+01 -0.51966951E+01
  0.13024121E+01 -0.51947320E+01
  0.13127116E+01 -0.51931096E+01
  0.13230111E+01 -0.51918051E+01
  0.13333105E+01 -0.51907966E+01
  0.13436100E+01 -0.51900631E+01
  0.13539095E+01 -0.51895842E+01
  0.13642089E+01 -0.51893405E+01
  0.13745084E+01 -0.51893132E+01
  0.13848078E+01 -0.51894842E+01
  0.13951073E+01 -0.51898358E+01
  0.14054068E+01 -0.51903509E+01
  0.14157062E+01 -0.51910127E+01
  0.14260057E+01 -0.51918046E+01
  0.14363052E+01 -0.51927104E+01
  0.14466046E+01 -0.51937142E+01
  0.14569041E+01 -0.51948002E+01
  0.14672036E+01 -0.51959527E+01
  0.14775030E+01 -0.51971562E+01
  0.14878025E+01 -0.51983954E+01
  0.14981020E+01 -0.51996551E+01
  0.15084014E+01 -0.52009198E+01
  0.15187009E+01 -0.52021744E+01
  0.15290003E+01 -0.52034035E+01
  0.15392998E+01 -0.52045918E+01
  0.15495993E+01 -0.52057236E+01
  0.15598987E+01 -0.52067832E+01
  0.15701982E+01 -0.52077546E+01
  0.15804977E+01 -0.52086218E+01
  0.15907971E+01 -0.52093685E+01
  0.16010966E+01 -0.52099781E+01
  0.16113961E+01 -0.52104341E+01
  0.16216955E+01 -0.52107199E+01
  0.16320845E+01 -0.52108188E+01
  0.16424736E+01 -0.52107124E+01
  0.16528626E+01 -0.52103821E+01
  0.16632516E+01 -0.52098115E+01
  0.16736406E+01 -0.52089842E+01
  0.16840297E+01 -0.52078842E+01
  0.16944187E+01 -0.52064960E+01
  0.17048077E+01 -0.52048049E+01
  0.17151967E+01 -0.52027964E+01
  0.17255858E+01 -0.52004571E+01
  0.17359748E+01 -0.51977744E+01
  0.17463638E+01 -0.51947367E+01
  0.17567528E+01 -0.51913336E+01
  0.17671419E+01 -0.51875561E+01
  0.17775309E+01 -0.51833969E+01
  0.17879199E+01 -0.51788501E+01
  0.17983089E+01 -0.51739121E+01
  0.18086980E+01 -0.51685813E+01
  0.18190870E+01 -0.51628586E+01
  0.18294760E+01 -0.51567476E+01
  0.18398650E+01 -0.51502547E+01
  0.18502541E+01 -0.51433896E+01
  0.18606431E+01 -0.51361655E+01
  0.18710321E+01 -0.51285997E+01
  0.18814211E+01 -0.51207138E+01
  0.18918102E+01 -0.51125344E+01
  0.19021992E+01 -0.51040939E+01
  0.19125882E+01 -0.50954311E+01
  0.19229772E+01 -0.50865927E+01
  0.19333663E+01 -0.50776337E+01
  0.19437553E+01 -0.50686192E+01
  0.19541443E+01 -0.50596259E+01
  0.19645333E+01 -0.50507426E+01
  0.19749224E+01 -0.50420715E+01
  0.19853114E+01 -0.50337278E+01
  0.19957004E+01 -0.50258372E+01
  0.20060894E+01 -0.50185316E+01
  0.20164785E+01 -0.50119407E+01
  0.20268675E+01 -0.50061804E+01
  0.20372565E+01 -0.50013395E+01
  0.20476455E+01 -0.49974675E+01
  0.20580346E+01 -0.49945676E+01
  0.20684236E+01 -0.49925976E+01
  0.20788126E+01 -0.49914784E+01
  0.20892016E+01 -0.49911062E+01
  0.20995907E+01 -0.49913670E+01
  0.21099797E+01 -0.49921470E+01
  0.21203687E+01 -0.49933403E+01
  0.21307577E+01 -0.49948528E+01
  0.21411468E+01 -0.49966038E+01
  0.21515358E+01 -0.49985253E+01
  0.21619248E+01 -0.50005608E+01
  0.21723138E+01 -0.50026641E+01
  0.21827029E+01 -0.50047973E+01
  0.21930919E+01 -0.50069299E+01
  0.22034809E+01 -0.50090368E+01
  0.22138699E+01 -0.50110984E+01
  0.22242590E+01 -0.50130990E+01
  0.22346480E+01 -0.50150263E+01
  0.22450370E+01 -0.50168714E+01
  0.22554260E+01 -0.50186279E+01
  0.22658151E+01 -0.50202916E+01
  0.22762041E+01 -0.50218607E+01
  0.22865931E+01 -0.50233348E+01
  0.22969821E+01 -0.50247152E+01
  0.23073712E+01 -0.50260043E+01
  0.23177602E+01 -0.50272055E+01
  0.23281492E+01 -0.50283225E+01
  0.23385382E+01 -0.50293597E+01
  0.23489273E+01 -0.50303214E+01
  0.23593163E+01 -0.50312117E+01
  0.23697053E+01 -0.50320345E+01
  0.23800943E+01 -0.50327932E+01
  0.23904834E+01 -0.50334905E+01
  0.24008724E+01 -0.50341289E+01
  0.24112614E+01 -0.50347099E+01
  0.24216504E+01 -0.50352350E+01
  0.24320395E+01 -0.50357050E+01
  0.24424285E+01 -0.50361206E+01
  0.24528175E+01 -0.50364826E+01
  0.24632065E+01 -0.50367915E+01
  0.24735956E+01 -0.50370481E+01
  0.24839846E+01 -0.50372535E+01
  0.24943736E+01 -0.50374089E+01
  0.25047626E+01 -0.50375159E+01
  0.25151517E+01 -0.50375761E+01
  0.25255407E+01 -0.50375911E+01
  0.25359297E+01 -0.50375628E+01
  0.25463187E+01 -0.50374924E+01
  0.25567078E+01 -0.50373809E+01
  0.25670968E+01 -0.50372284E+01
  0.25774858E+01 -0.50370342E+01
  0.25878748E+01 -0.50367961E+01
  0.25982639E+01 -0.50365107E+01
  0.26086529E+01 -0.50361724E+01
  0.26190419E+01 -0.50357734E+01
  0.26294309E+01 -0.50353029E+01
  0.26398200E+01 -0.50347466E+01
  0.26502090E+01 -0.50340857E+01
  0.26605980E+01 -0.50332957E+01
  0.26709870E+01 -0.50323444E+01
  0.26813761E+01 -0.50311897E+01
  0.26917651E+01 -0.50297767E+01
  0.27021541E+01 -0.50280337E+01
  0.27125431E+01 -0.50258689E+01
  0.27229322E+01 -0.50231686E+01
  0.27333212E+01 -0.50198017E+01
  0.27437102E+01 -0.50156394E+01
  0.27540992E+01 -0.50105998E+01
  0.27644883E+01 -0.50047203E+01
  0.27748773E+01 -0.49982333E+01
  0.27852663E+01 -0.49915948E+01
  0.27956553E+01 -0.49854291E+01
  0.28060444E+01 -0.49804101E+01
  0.28164334E+01 -0.49771292E+01
  0.28267801E+01 -0.49759882E+01
  
  0.00000000E+00 -0.47063798E+01
  0.10346733E-01 -0.47057566E+01
  0.20693467E-01 -0.47039043E+01
  0.31040200E-01 -0.47008705E+01
  0.41386933E-01 -0.46967301E+01
  0.51733667E-01 -0.46915783E+01
  0.62080400E-01 -0.46855241E+01
  0.72427133E-01 -0.46786831E+01
  0.82773866E-01 -0.46711724E+01
  0.93120600E-01 -0.46631066E+01
  0.10346733E+00 -0.46545949E+01
  0.11381407E+00 -0.46457398E+01
  0.12416080E+00 -0.46366357E+01
  0.13450753E+00 -0.46273692E+01
  0.14485427E+00 -0.46180188E+01
  0.15520100E+00 -0.46086550E+01
  0.16554773E+00 -0.45993412E+01
  0.17589447E+00 -0.45901333E+01
  0.18624120E+00 -0.45825147E+01
  0.19658793E+00 -0.45765203E+01
  0.20693467E+00 -0.45709084E+01
  0.21728140E+00 -0.45656753E+01
  0.22762813E+00 -0.45608155E+01
  0.23797487E+00 -0.45563229E+01
  0.24832160E+00 -0.45521912E+01
  0.25866833E+00 -0.45484151E+01
  0.26901507E+00 -0.45449898E+01
  0.27936180E+00 -0.45419120E+01
  0.28970853E+00 -0.45391797E+01
  0.30005527E+00 -0.45367919E+01
  0.31040200E+00 -0.45347480E+01
  0.32074873E+00 -0.45330479E+01
  0.33109547E+00 -0.45316907E+01
  0.34144220E+00 -0.45306747E+01
  0.35178893E+00 -0.45299961E+01
  0.36213567E+00 -0.45296491E+01
  0.37248240E+00 -0.45296251E+01
  0.38282913E+00 -0.45299124E+01
  0.39317587E+00 -0.45304969E+01
  0.40352260E+00 -0.45313616E+01
  0.41386933E+00 -0.45324876E+01
  0.42421607E+00 -0.45338545E+01
  0.43456280E+00 -0.45354413E+01
  0.44490953E+00 -0.45372268E+01
  0.45525627E+00 -0.45391905E+01
  0.46560300E+00 -0.45413134E+01
  0.47594973E+00 -0.45435783E+01
  0.48629647E+00 -0.45459698E+01
  0.49664320E+00 -0.45484753E+01
  0.50698993E+00 -0.45510844E+01
  0.51733667E+00 -0.45537894E+01
  0.52768340E+00 -0.45565848E+01
  0.53803013E+00 -0.45594674E+01
  0.54837687E+00 -0.45624356E+01
  0.55872360E+00 -0.45654895E+01
  0.56907033E+00 -0.45686303E+01
  0.57941707E+00 -0.45718597E+01
  0.58976380E+00 -0.45751796E+01
  0.60011053E+00 -0.45785915E+01
  0.61045727E+00 -0.45820963E+01
  0.62080400E+00 -0.45861315E+01
  0.63115073E+00 -0.45953317E+01
  0.64149747E+00 -0.46047276E+01
  0.65184420E+00 -0.46142947E+01
  0.66219093E+00 -0.46240091E+01
  0.67253767E+00 -0.46338473E+01
  0.68288440E+00 -0.46437863E+01
  0.69323113E+00 -0.46538037E+01
  0.70357786E+00 -0.46638775E+01
  0.71392460E+00 -0.46739858E+01
  0.72427133E+00 -0.46841070E+01
  0.73461806E+00 -0.46942194E+01
  0.74496480E+00 -0.47043007E+01
  0.75531153E+00 -0.47143283E+01
  0.76565826E+00 -0.47242789E+01
  0.77600500E+00 -0.47341285E+01
  0.78635173E+00 -0.47438524E+01
  0.79669846E+00 -0.47534252E+01
  0.80704520E+00 -0.47628212E+01
  0.81739193E+00 -0.47720144E+01
  0.82773866E+00 -0.47809790E+01
  0.83808540E+00 -0.47896897E+01
  0.84843213E+00 -0.47981215E+01
  0.85877886E+00 -0.48062508E+01
  0.86912560E+00 -0.48140549E+01
  0.87947233E+00 -0.48215123E+01
  0.88981906E+00 -0.48286029E+01
  0.90016580E+00 -0.48353074E+01
  0.91051253E+00 -0.48416080E+01
  0.92085926E+00 -0.48474872E+01
  0.93120600E+00 -0.48529284E+01
  0.94155273E+00 -0.48579155E+01
  0.95189946E+00 -0.48624325E+01
  0.96224620E+00 -0.48664639E+01
  0.97259293E+00 -0.48699948E+01
  0.98293966E+00 -0.48730108E+01
  0.99328640E+00 -0.48754988E+01
  0.10036331E+01 -0.48774472E+01
  0.10139799E+01 -0.48788462E+01
  0.10243266E+01 -0.48796887E+01
  0.10346261E+01 -0.48799700E+01
  0.10449255E+01 -0.48798178E+01
  0.10552250E+01 -0.48793611E+01
  0.10655245E+01 -0.48786002E+01
  0.10758239E+01 -0.48775353E+01
  0.10861234E+01 -0.48761666E+01
  0.10964228E+01 -0.48744948E+01
  0.11067223E+01 -0.48725203E+01
  0.11170218E+01 -0.48702439E+01
  0.11273212E+01 -0.48676669E+01
  0.11376207E+01 -0.48647906E+01
  0.11479202E+01 -0.48616170E+01
  0.11582196E+01 -0.48581488E+01
  0.11685191E+01 -0.48543892E+01
  0.11788186E+01 -0.48503426E+01
  0.11891180E+01 -0.48460140E+01
  0.11994175E+01 -0.48414097E+01
  0.12097170E+01 -0.48365368E+01
  0.12200164E+01 -0.48314037E+01
  0.12303159E+01 -0.48260194E+01
  0.12406153E+01 -0.48203944E+01
  0.12509148E+01 -0.48145396E+01
  0.12612143E+01 -0.48084669E+01
  0.12715137E+01 -0.48021890E+01
  0.12818132E+01 -0.47957192E+01
  0.12921127E+01 -0.47890715E+01
  0.13024121E+01 -0.47822604E+01
  0.13127116E+01 -0.47753013E+01
  0.13230111E+01 -0.47682099E+01
  0.13333105E+01 -0.47610028E+01
  0.13436100E+01 -0.47536971E+01
  0.13539095E+01 -0.47463106E+01
  0.13642089E+01 -0.47388616E+01
  0.13745084E+01 -0.47313689E+01
  0.13848078E+01 -0.47238515E+01
  0.13951073E+01 -0.47163287E+01
  0.14054068E+01 -0.47088196E+01
  0.14157062E+01 -0.47013428E+01
  0.14260057E+01 -0.46939167E+01
  0.14363052E+01 -0.46865584E+01
  0.14466046E+01 -0.46792843E+01
  0.14569041E+01 -0.46721091E+01
  0.14672036E+01 -0.46650462E+01
  0.14775030E+01 -0.46581068E+01
  0.14878025E+01 -0.46513007E+01
  0.14981020E+01 -0.46446352E+01
  0.15084014E+01 -0.46381160E+01
  0.15187009E+01 -0.46317466E+01
  0.15290003E+01 -0.46255287E+01
  0.15392998E+01 -0.46194623E+01
  0.15495993E+01 -0.46135461E+01
  0.15598987E+01 -0.46077777E+01
  0.15701982E+01 -0.46021537E+01
  0.15804977E+01 -0.45966702E+01
  0.15907971E+01 -0.45913230E+01
  0.16010966E+01 -0.45861080E+01
  0.16113961E+01 -0.45810209E+01
  0.16216955E+01 -0.45760578E+01
  0.16320845E+01 -0.45712150E+01
  0.16424736E+01 -0.45762022E+01
  0.16528626E+01 -0.45815071E+01
  0.16632516E+01 -0.45871199E+01
  0.16736406E+01 -0.45930299E+01
  0.16840297E+01 -0.45992255E+01
  0.16944187E+01 -0.46056937E+01
  0.17048077E+01 -0.46124207E+01
  0.17151967E+01 -0.46193913E+01
  0.17255858E+01 -0.46265892E+01
  0.17359748E+01 -0.46339969E+01
  0.17463638E+01 -0.46415957E+01
  0.17567528E+01 -0.46493658E+01
  0.17671419E+01 -0.46572864E+01
  0.17775309E+01 -0.46653357E+01
  0.17879199E+01 -0.46734909E+01
  0.17983089E+01 -0.46817283E+01
  0.18086980E+01 -0.46900235E+01
  0.18190870E+01 -0.46983510E+01
  0.18294760E+01 -0.47066845E+01
  0.18398650E+01 -0.47149967E+01
  0.18502541E+01 -0.47232591E+01
  0.18606431E+01 -0.47314417E+01
  0.18710321E+01 -0.47395127E+01
  0.18814211E+01 -0.47474380E+01
  0.18918102E+01 -0.47551810E+01
  0.19021992E+01 -0.47627014E+01
  0.19125882E+01 -0.47699548E+01
  0.19229772E+01 -0.47768917E+01
  0.19333663E+01 -0.47834562E+01
  0.19437553E+01 -0.47895848E+01
  0.19541443E+01 -0.47952053E+01
  0.19645333E+01 -0.48002356E+01
  0.19749224E+01 -0.48045832E+01
  0.19853114E+01 -0.48081451E+01
  0.19957004E+01 -0.48108104E+01
  0.20060894E+01 -0.48124647E+01
  0.20164785E+01 -0.48129987E+01
  0.20268675E+01 -0.48123190E+01
  0.20372565E+01 -0.48103619E+01
  0.20476455E+01 -0.48071052E+01
  0.20580346E+01 -0.48025748E+01
  0.20684236E+01 -0.47968438E+01
  0.20788126E+01 -0.47900239E+01
  0.20892016E+01 -0.47822519E+01
  0.20995907E+01 -0.47736765E+01
  0.21099797E+01 -0.47644459E+01
  0.21203687E+01 -0.47547011E+01
  0.21307577E+01 -0.47445705E+01
  0.21411468E+01 -0.47341693E+01
  0.21515358E+01 -0.47235989E+01
  0.21619248E+01 -0.47129480E+01
  0.21723138E+01 -0.47022943E+01
  0.21827029E+01 -0.46917055E+01
  0.21930919E+01 -0.46812408E+01
  0.22034809E+01 -0.46709519E+01
  0.22138699E+01 -0.46608840E+01
  0.22242590E+01 -0.46510768E+01
  0.22346480E+01 -0.46415647E+01
  0.22450370E+01 -0.46323776E+01
  0.22554260E+01 -0.46235411E+01
  0.22658151E+01 -0.46150771E+01
  0.22762041E+01 -0.46070038E+01
  0.22865931E+01 -0.45993363E+01
  0.22969821E+01 -0.45920865E+01
  0.23073712E+01 -0.45852635E+01
  0.23177602E+01 -0.45788737E+01
  0.23281492E+01 -0.45729212E+01
  0.23385382E+01 -0.45674079E+01
  0.23489273E+01 -0.45623337E+01
  0.23593163E+01 -0.45576970E+01
  0.23697053E+01 -0.45534946E+01
  0.23800943E+01 -0.45497224E+01
  0.23904834E+01 -0.45463751E+01
  0.24008724E+01 -0.45434471E+01
  0.24112614E+01 -0.45409321E+01
  0.24216504E+01 -0.45388239E+01
  0.24320395E+01 -0.45371163E+01
  0.24424285E+01 -0.45358033E+01
  0.24528175E+01 -0.45348792E+01
  0.24632065E+01 -0.45343392E+01
  0.24735956E+01 -0.45341789E+01
  0.24839846E+01 -0.45343946E+01
  0.24943736E+01 -0.45349835E+01
  0.25047626E+01 -0.45359437E+01
  0.25151517E+01 -0.45372741E+01
  0.25255407E+01 -0.45389744E+01
  0.25359297E+01 -0.45410454E+01
  0.25463187E+01 -0.45434884E+01
  0.25567078E+01 -0.45463057E+01
  0.25670968E+01 -0.45495001E+01
  0.25774858E+01 -0.45530748E+01
  0.25878748E+01 -0.45570336E+01
  0.25982639E+01 -0.45613800E+01
  0.26086529E+01 -0.45661176E+01
  0.26190419E+01 -0.45712490E+01
  0.26294309E+01 -0.45767760E+01
  0.26398200E+01 -0.45826986E+01
  0.26502090E+01 -0.45892309E+01
  0.26605980E+01 -0.45985008E+01
  0.26709870E+01 -0.46078707E+01
  0.26813761E+01 -0.46172891E+01
  0.26917651E+01 -0.46266965E+01
  0.27021541E+01 -0.46360246E+01
  0.27125431E+01 -0.46451954E+01
  0.27229322E+01 -0.46541220E+01
  0.27333212E+01 -0.46627078E+01
  0.27437102E+01 -0.46708478E+01
  0.27540992E+01 -0.46784297E+01
  0.27644883E+01 -0.46853362E+01
  0.27748773E+01 -0.46914476E+01
  0.27852663E+01 -0.46966468E+01
  0.27956553E+01 -0.47008239E+01
  0.28060444E+01 -0.47038837E+01
  0.28164334E+01 -0.47057514E+01
  0.28267801E+01 -0.47063798E+01
  
  0.00000000E+00 -0.47063795E+01
  0.10346733E-01 -0.47054106E+01
  0.20693467E-01 -0.47025759E+01
  0.31040200E-01 -0.46980748E+01
  0.41386933E-01 -0.46921869E+01
  0.51733667E-01 -0.46852199E+01
  0.62080400E-01 -0.46774694E+01
  0.72427133E-01 -0.46691960E+01
  0.82773866E-01 -0.46606176E+01
  0.93120600E-01 -0.46519091E+01
  0.10346733E+00 -0.46432086E+01
  0.11381407E+00 -0.46346230E+01
  0.12416080E+00 -0.46262338E+01
  0.13450753E+00 -0.46181026E+01
  0.14485427E+00 -0.46102751E+01
  0.15520100E+00 -0.46027840E+01
  0.16554773E+00 -0.45956517E+01
  0.17589447E+00 -0.45888927E+01
  0.18624120E+00 -0.45810809E+01
  0.19658793E+00 -0.45722274E+01
  0.20693467E+00 -0.45636106E+01
  0.21728140E+00 -0.45552638E+01
  0.22762813E+00 -0.45472159E+01
  0.23797487E+00 -0.45394928E+01
  0.24832160E+00 -0.45321176E+01
  0.25866833E+00 -0.45251119E+01
  0.26901507E+00 -0.45184958E+01
  0.27936180E+00 -0.45122887E+01
  0.28970853E+00 -0.45065096E+01
  0.30005527E+00 -0.45011772E+01
  0.31040200E+00 -0.44963098E+01
  0.32074873E+00 -0.44919254E+01
  0.33109547E+00 -0.44880408E+01
  0.34144220E+00 -0.44846719E+01
  0.35178893E+00 -0.44818326E+01
  0.36213567E+00 -0.44795347E+01
  0.37248240E+00 -0.44777875E+01
  0.38282913E+00 -0.44765975E+01
  0.39317587E+00 -0.44759681E+01
  0.40352260E+00 -0.44758998E+01
  0.41386933E+00 -0.44763902E+01
  0.42421607E+00 -0.44774344E+01
  0.43456280E+00 -0.44790252E+01
  0.44490953E+00 -0.44811533E+01
  0.45525627E+00 -0.44838082E+01
  0.46560300E+00 -0.44869780E+01
  0.47594973E+00 -0.44906502E+01
  0.48629647E+00 -0.44948114E+01
  0.49664320E+00 -0.44994479E+01
  0.50698993E+00 -0.45045452E+01
  0.51733667E+00 -0.45100886E+01
  0.52768340E+00 -0.45160624E+01
  0.53803013E+00 -0.45224502E+01
  0.54837687E+00 -0.45292346E+01
  0.55872360E+00 -0.45363969E+01
  0.56907033E+00 -0.45439177E+01
  0.57941707E+00 -0.45517760E+01
  0.58976380E+00 -0.45599497E+01
  0.60011053E+00 -0.45684162E+01
  0.61045727E+00 -0.45771515E+01
  0.62080400E+00 -0.45856941E+01
  0.63115073E+00 -0.45893837E+01
  0.64149747E+00 -0.45931625E+01
  0.65184420E+00 -0.45970270E+01
  0.66219093E+00 -0.46009725E+01
  0.67253767E+00 -0.46049934E+01
  0.68288440E+00 -0.46090833E+01
  0.69323113E+00 -0.46132355E+01
  0.70357786E+00 -0.46174429E+01
  0.71392460E+00 -0.46216983E+01
  0.72427133E+00 -0.46259942E+01
  0.73461806E+00 -0.46303228E+01
  0.74496480E+00 -0.46346761E+01
  0.75531153E+00 -0.46390454E+01
  0.76565826E+00 -0.46434209E+01
  0.77600500E+00 -0.46477919E+01
  0.78635173E+00 -0.46521466E+01
  0.79669846E+00 -0.46564716E+01
  0.80704520E+00 -0.46607524E+01
  0.81739193E+00 -0.46649733E+01
  0.82773866E+00 -0.46691179E+01
  0.83808540E+00 -0.46731696E+01
  0.84843213E+00 -0.46771117E+01
  0.85877886E+00 -0.46809283E+01
  0.86912560E+00 -0.46846044E+01
  0.87947233E+00 -0.46881261E+01
  0.88981906E+00 -0.46914813E+01
  0.90016580E+00 -0.46946588E+01
  0.91051253E+00 -0.46976491E+01
  0.92085926E+00 -0.47004435E+01
  0.93120600E+00 -0.47030340E+01
  0.94155273E+00 -0.47054128E+01
  0.95189946E+00 -0.47075725E+01
  0.96224620E+00 -0.47095051E+01
  0.97259293E+00 -0.47112027E+01
  0.98293966E+00 -0.47126572E+01
  0.99328640E+00 -0.47138607E+01
  0.10036331E+01 -0.47148058E+01
  0.10139799E+01 -0.47154860E+01
  0.10243266E+01 -0.47158962E+01
  0.10346261E+01 -0.47160333E+01
  0.10449255E+01 -0.47157574E+01
  0.10552250E+01 -0.47149321E+01
  0.10655245E+01 -0.47135645E+01
  0.10758239E+01 -0.47116661E+01
  0.10861234E+01 -0.47092530E+01
  0.10964228E+01 -0.47063448E+01
  0.11067223E+01 -0.47029650E+01
  0.11170218E+01 -0.46991403E+01
  0.11273212E+01 -0.46949001E+01
  0.11376207E+01 -0.46902765E+01
  0.11479202E+01 -0.46853034E+01
  0.11582196E+01 -0.46800167E+01
  0.11685191E+01 -0.46744538E+01
  0.11788186E+01 -0.46686531E+01
  0.11891180E+01 -0.46626540E+01
  0.11994175E+01 -0.46564960E+01
  0.12097170E+01 -0.46502190E+01
  0.12200164E+01 -0.46438623E+01
  0.12303159E+01 -0.46374646E+01
  0.12406153E+01 -0.46310631E+01
  0.12509148E+01 -0.46246939E+01
  0.12612143E+01 -0.46183909E+01
  0.12715137E+01 -0.46121860E+01
  0.12818132E+01 -0.46061087E+01
  0.12921127E+01 -0.46001862E+01
  0.13024121E+01 -0.45944429E+01
  0.13127116E+01 -0.45889011E+01
  0.13230111E+01 -0.45835804E+01
  0.13333105E+01 -0.45784984E+01
  0.13436100E+01 -0.45736704E+01
  0.13539095E+01 -0.45691099E+01
  0.13642089E+01 -0.45648289E+01
  0.13745084E+01 -0.45608380E+01
  0.13848078E+01 -0.45571463E+01
  0.13951073E+01 -0.45537622E+01
  0.14054068E+01 -0.45506934E+01
  0.14157062E+01 -0.45479465E+01
  0.14260057E+01 -0.45455281E+01
  0.14363052E+01 -0.45434439E+01
  0.14466046E+01 -0.45416994E+01
  0.14569041E+01 -0.45402996E+01
  0.14672036E+01 -0.45392490E+01
  0.14775030E+01 -0.45385519E+01
  0.14878025E+01 -0.45382116E+01
  0.14981020E+01 -0.45382312E+01
  0.15084014E+01 -0.45386129E+01
  0.15187009E+01 -0.45393584E+01
  0.15290003E+01 -0.45404685E+01
  0.15392998E+01 -0.45419430E+01
  0.15495993E+01 -0.45437812E+01
  0.15598987E+01 -0.45459815E+01
  0.15701982E+01 -0.45485414E+01
  0.15804977E+01 -0.45514575E+01
  0.15907971E+01 -0.45547259E+01
  0.16010966E+01 -0.45583417E+01
  0.16113961E+01 -0.45622994E+01
  0.16216955E+01 -0.45665928E+01
  0.16320845E+01 -0.45712148E+01
  0.16424736E+01 -0.45664479E+01
  0.16528626E+01 -0.45617961E+01
  0.16632516E+01 -0.45572557E+01
  0.16736406E+01 -0.45528227E+01
  0.16840297E+01 -0.45484931E+01
  0.16944187E+01 -0.45442622E+01
  0.17048077E+01 -0.45401252E+01
  0.17151967E+01 -0.45360767E+01
  0.17255858E+01 -0.45321115E+01
  0.17359748E+01 -0.45282240E+01
  0.17463638E+01 -0.45244092E+01
  0.17567528E+01 -0.45206626E+01
  0.17671419E+01 -0.45169803E+01
  0.17775309E+01 -0.45133598E+01
  0.17879199E+01 -0.45097996E+01
  0.17983089E+01 -0.45062996E+01
  0.18086980E+01 -0.45028610E+01
  0.18190870E+01 -0.44994863E+01
  0.18294760E+01 -0.44961790E+01
  0.18398650E+01 -0.44929432E+01
  0.18502541E+01 -0.44897838E+01
  0.18606431E+01 -0.44867054E+01
  0.18710321E+01 -0.44837125E+01
  0.18814211E+01 -0.44808092E+01
  0.18918102E+01 -0.44779985E+01
  0.19021992E+01 -0.44752830E+01
  0.19125882E+01 -0.44726641E+01
  0.19229772E+01 -0.44701426E+01
  0.19333663E+01 -0.44677190E+01
  0.19437553E+01 -0.44653934E+01
  0.19541443E+01 -0.44631661E+01
  0.19645333E+01 -0.44610382E+01
  0.19749224E+01 -0.44590113E+01
  0.19853114E+01 -0.44570884E+01
  0.19957004E+01 -0.44552736E+01
  0.20060894E+01 -0.44535721E+01
  0.20164785E+01 -0.44519903E+01
  0.20268675E+01 -0.44505351E+01
  0.20372565E+01 -0.44492137E+01
  0.20476455E+01 -0.44480330E+01
  0.20580346E+01 -0.44469987E+01
  0.20684236E+01 -0.44461154E+01
  0.20788126E+01 -0.44453853E+01
  0.20892016E+01 -0.44448086E+01
  0.20995907E+01 -0.44443827E+01
  0.21099797E+01 -0.44441025E+01
  0.21203687E+01 -0.44439606E+01
  0.21307577E+01 -0.44439475E+01
  0.21411468E+01 -0.44440525E+01
  0.21515358E+01 -0.44442643E+01
  0.21619248E+01 -0.44445716E+01
  0.21723138E+01 -0.44449638E+01
  0.21827029E+01 -0.44454317E+01
  0.21930919E+01 -0.44459678E+01
  0.22034809E+01 -0.44465666E+01
  0.22138699E+01 -0.44472244E+01
  0.22242590E+01 -0.44479388E+01
  0.22346480E+01 -0.44487087E+01
  0.22450370E+01 -0.44495330E+01
  0.22554260E+01 -0.44504100E+01
  0.22658151E+01 -0.44513369E+01
  0.22762041E+01 -0.44523088E+01
  0.22865931E+01 -0.44533188E+01
  0.22969821E+01 -0.44543573E+01
  0.23073712E+01 -0.44554132E+01
  0.23177602E+01 -0.44564742E+01
  0.23281492E+01 -0.44575279E+01
  0.23385382E+01 -0.44585638E+01
  0.23489273E+01 -0.44595750E+01
  0.23593163E+01 -0.44605600E+01
  0.23697053E+01 -0.44615243E+01
  0.23800943E+01 -0.44624824E+01
  0.23904834E+01 -0.44634578E+01
  0.24008724E+01 -0.44644839E+01
  0.24112614E+01 -0.44656029E+01
  0.24216504E+01 -0.44668644E+01
  0.24320395E+01 -0.44683228E+01
  0.24424285E+01 -0.44700346E+01
  0.24528175E+01 -0.44720551E+01
  0.24632065E+01 -0.44744355E+01
  0.24735956E+01 -0.44772199E+01
  0.24839846E+01 -0.44804431E+01
  0.24943736E+01 -0.44841301E+01
  0.25047626E+01 -0.44882950E+01
  0.25151517E+01 -0.44929419E+01
  0.25255407E+01 -0.44980657E+01
  0.25359297E+01 -0.45036543E+01
  0.25463187E+01 -0.45096896E+01
  0.25567078E+01 -0.45161497E+01
  0.25670968E+01 -0.45230105E+01
  0.25774858E+01 -0.45302467E+01
  0.25878748E+01 -0.45378328E+01
  0.25982639E+01 -0.45457431E+01
  0.26086529E+01 -0.45539524E+01
  0.26190419E+01 -0.45624344E+01
  0.26294309E+01 -0.45711620E+01
  0.26398200E+01 -0.45801052E+01
  0.26502090E+01 -0.45890144E+01
  0.26605980E+01 -0.45957180E+01
  0.26709870E+01 -0.46027996E+01
  0.26813761E+01 -0.46102439E+01
  0.26917651E+01 -0.46180282E+01
  0.27021541E+01 -0.46261207E+01
  0.27125431E+01 -0.46344773E+01
  0.27229322E+01 -0.46430383E+01
  0.27333212E+01 -0.46517238E+01
  0.27437102E+01 -0.46604284E+01
  0.27540992E+01 -0.46690150E+01
  0.27644883E+01 -0.46773077E+01
  0.27748773E+01 -0.46850871E+01
  0.27852663E+01 -0.46920891E+01
  0.27956553E+01 -0.46980132E+01
  0.28060444E+01 -0.47025461E+01
  0.28164334E+01 -0.47054028E+01
  0.28267801E+01 -0.47063795E+01
  
  0.00000000E+00 -0.30171350E+01
  0.10346733E-01 -0.30178552E+01
  0.20693467E-01 -0.30200131E+01
  0.31040200E-01 -0.30235978E+01
  0.41386933E-01 -0.30285919E+01
  0.51733667E-01 -0.30349714E+01
  0.62080400E-01 -0.30427060E+01
  0.72427133E-01 -0.30517594E+01
  0.82773866E-01 -0.30620899E+01
  0.93120600E-01 -0.30736505E+01
  0.10346733E+00 -0.30863894E+01
  0.11381407E+00 -0.31002503E+01
  0.12416080E+00 -0.31151723E+01
  0.13450753E+00 -0.31310904E+01
  0.14485427E+00 -0.31479355E+01
  0.15520100E+00 -0.31656341E+01
  0.16554773E+00 -0.31841088E+01
  0.17589447E+00 -0.32032781E+01
  0.18624120E+00 -0.32230561E+01
  0.19658793E+00 -0.32433535E+01
  0.20693467E+00 -0.32640770E+01
  0.21728140E+00 -0.32851298E+01
  0.22762813E+00 -0.33064123E+01
  0.23797487E+00 -0.33278221E+01
  0.24832160E+00 -0.33492550E+01
  0.25866833E+00 -0.33706049E+01
  0.26901507E+00 -0.33917653E+01
  0.27936180E+00 -0.34126290E+01
  0.28970853E+00 -0.34330895E+01
  0.30005527E+00 -0.34530411E+01
  0.31040200E+00 -0.34723796E+01
  0.32074873E+00 -0.34910035E+01
  0.33109547E+00 -0.35088145E+01
  0.34144220E+00 -0.35257184E+01
  0.35178893E+00 -0.35416265E+01
  0.36213567E+00 -0.35564568E+01
  0.37248240E+00 -0.35701350E+01
  0.38282913E+00 -0.35825965E+01
  0.39317587E+00 -0.35937868E+01
  0.40352260E+00 -0.36036633E+01
  0.41386933E+00 -0.36121959E+01
  0.42421607E+00 -0.36193672E+01
  0.43456280E+00 -0.36251727E+01
  0.44490953E+00 -0.36296205E+01
  0.45525627E+00 -0.36327307E+01
  0.46560300E+00 -0.36345337E+01
  0.47594973E+00 -0.36350700E+01
  0.48629647E+00 -0.36343879E+01
  0.49664320E+00 -0.36325425E+01
  0.50698993E+00 -0.36295944E+01
  0.51733667E+00 -0.36256078E+01
  0.52768340E+00 -0.36206501E+01
  0.53803013E+00 -0.36147901E+01
  0.54837687E+00 -0.36080975E+01
  0.55872360E+00 -0.36006416E+01
  0.56907033E+00 -0.35924913E+01
  0.57941707E+00 -0.35837138E+01
  0.58976380E+00 -0.35743749E+01
  0.60011053E+00 -0.35645380E+01
  0.61045727E+00 -0.35542645E+01
  0.62080400E+00 -0.35436132E+01
  0.63115073E+00 -0.35326407E+01
  0.64149747E+00 -0.35214009E+01
  0.65184420E+00 -0.35099453E+01
  0.66219093E+00 -0.34983227E+01
  0.67253767E+00 -0.34865797E+01
  0.68288440E+00 -0.34747604E+01
  0.69323113E+00 -0.34629064E+01
  0.70357786E+00 -0.34510570E+01
  0.71392460E+00 -0.34392492E+01
  0.72427133E+00 -0.34275179E+01
  0.73461806E+00 -0.34158958E+01
  0.74496480E+00 -0.34044139E+01
  0.75531153E+00 -0.33931011E+01
  0.76565826E+00 -0.33819851E+01
  0.77600500E+00 -0.33710919E+01
  0.78635173E+00 -0.33604462E+01
  0.79669846E+00 -0.33500716E+01
  0.80704520E+00 -0.33399905E+01
  0.81739193E+00 -0.33302243E+01
  0.82773866E+00 -0.33207932E+01
  0.83808540E+00 -0.33117161E+01
  0.84843213E+00 -0.33030110E+01
  0.85877886E+00 -0.32946943E+01
  0.86912560E+00 -0.32867812E+01
  0.87947233E+00 -0.32792856E+01
  0.88981906E+00 -0.32722199E+01
  0.90016580E+00 -0.32655953E+01
  0.91051253E+00 -0.32594218E+01
  0.92085926E+00 -0.32537084E+01
  0.93120600E+00 -0.32484633E+01
  0.94155273E+00 -0.32436936E+01
  0.95189946E+00 -0.32394060E+01
  0.96224620E+00 -0.32356067E+01
  0.97259293E+00 -0.32323013E+01
  0.98293966E+00 -0.32294948E+01
  0.99328640E+00 -0.32271918E+01
  0.10036331E+01 -0.32253963E+01
  0.10139799E+01 -0.32241113E+01
  0.10243266E+01 -0.32233394E+01
  0.10346261E+01 -0.32230819E+01
  0.10449255E+01 -0.32231247E+01
  0.10552250E+01 -0.32232534E+01
  0.10655245E+01 -0.32234690E+01
  0.10758239E+01 -0.32237728E+01
  0.10861234E+01 -0.32241672E+01
  0.10964228E+01 -0.32246548E+01
  0.11067223E+01 -0.32252390E+01
  0.11170218E+01 -0.32259237E+01
  0.11273212E+01 -0.32267131E+01
  0.11376207E+01 -0.32276124E+01
  0.11479202E+01 -0.32286265E+01
  0.11582196E+01 -0.32297613E+01
  0.11685191E+01 -0.32310223E+01
  0.11788186E+01 -0.32324155E+01
  0.11891180E+01 -0.32339468E+01
  0.11994175E+01 -0.32356220E+01
  0.12097170E+01 -0.32374465E+01
  0.12200164E+01 -0.32394257E+01
  0.12303159E+01 -0.32468013E+01
  0.12406153E+01 -0.32601706E+01
  0.12509148E+01 -0.32736266E+01
  0.12612143E+01 -0.32871014E+01
  0.12715137E+01 -0.33005283E+01
  0.12818132E+01 -0.33138422E+01
  0.12921127E+01 -0.33269796E+01
  0.13024121E+01 -0.33398793E+01
  0.13127116E+01 -0.33524827E+01
  0.13230111E+01 -0.33647334E+01
  0.13333105E+01 -0.33765785E+01
  0.13436100E+01 -0.33879681E+01
  0.13539095E+01 -0.33988558E+01
  0.13642089E+01 -0.34091989E+01
  0.13745084E+01 -0.34189582E+01
  0.13848078E+01 -0.34280989E+01
  0.13951073E+01 -0.34365899E+01
  0.14054068E+01 -0.34444040E+01
  0.14157062E+01 -0.34515182E+01
  0.14260057E+01 -0.34579136E+01
  0.14363052E+01 -0.34635752E+01
  0.14466046E+01 -0.34684920E+01
  0.14569041E+01 -0.34726571E+01
  0.14672036E+01 -0.34760679E+01
  0.14775030E+01 -0.34787254E+01
  0.14878025E+01 -0.34806353E+01
  0.14981020E+01 -0.34818068E+01
  0.15084014E+01 -0.34822535E+01
  0.15187009E+01 -0.34819929E+01
  0.15290003E+01 -0.34810459E+01
  0.15392998E+01 -0.34794371E+01
  0.15495993E+01 -0.34771941E+01
  0.15598987E+01 -0.34743471E+01
  0.15701982E+01 -0.34709288E+01
  0.15804977E+01 -0.34669735E+01
  0.15907971E+01 -0.34625170E+01
  0.16010966E+01 -0.34575962E+01
  0.16113961E+01 -0.34522485E+01
  0.16216955E+01 -0.34465121E+01
  0.16320845E+01 -0.34404254E+01
  0.16424736E+01 -0.34466877E+01
  0.16528626E+01 -0.34528608E+01
  0.16632516E+01 -0.34589340E+01
  0.16736406E+01 -0.34648968E+01
  0.16840297E+01 -0.34707395E+01
  0.16944187E+01 -0.34764522E+01
  0.17048077E+01 -0.34820261E+01
  0.17151967E+01 -0.34874522E+01
  0.17255858E+01 -0.34927224E+01
  0.17359748E+01 -0.34978288E+01
  0.17463638E+01 -0.35027640E+01
  0.17567528E+01 -0.35075213E+01
  0.17671419E+01 -0.35120939E+01
  0.17775309E+01 -0.35164759E+01
  0.17879199E+01 -0.35206614E+01
  0.17983089E+01 -0.35246452E+01
  0.18086980E+01 -0.35284221E+01
  0.18190870E+01 -0.35319874E+01
  0.18294760E+01 -0.35353366E+01
  0.18398650E+01 -0.35384654E+01
  0.18502541E+01 -0.35413697E+01
  0.18606431E+01 -0.35440454E+01
  0.18710321E+01 -0.35464886E+01
  0.18814211E+01 -0.35486952E+01
  0.18918102E+01 -0.35506611E+01
  0.19021992E+01 -0.35523822E+01
  0.19125882E+01 -0.35538540E+01
  0.19229772E+01 -0.35550718E+01
  0.19333663E+01 -0.35560308E+01
  0.19437553E+01 -0.35567256E+01
  0.19541443E+01 -0.35571510E+01
  0.19645333E+01 -0.35573010E+01
  0.19749224E+01 -0.35571697E+01
  0.19853114E+01 -0.35567510E+01
  0.19957004E+01 -0.35560385E+01
  0.20060894E+01 -0.35550257E+01
  0.20164785E+01 -0.35537061E+01
  0.20268675E+01 -0.35520729E+01
  0.20372565E+01 -0.35501197E+01
  0.20476455E+01 -0.35478396E+01
  0.20580346E+01 -0.35452263E+01
  0.20684236E+01 -0.35422731E+01
  0.20788126E+01 -0.35389737E+01
  0.20892016E+01 -0.35353221E+01
  0.20995907E+01 -0.35313126E+01
  0.21099797E+01 -0.35269400E+01
  0.21203687E+01 -0.35221995E+01
  0.21307577E+01 -0.35170875E+01
  0.21411468E+01 -0.35116011E+01
  0.21515358E+01 -0.35057387E+01
  0.21619248E+01 -0.34995002E+01
  0.21723138E+01 -0.34928869E+01
  0.21827029E+01 -0.34859018E+01
  0.21930919E+01 -0.34785499E+01
  0.22034809E+01 -0.34708379E+01
  0.22138699E+01 -0.34627744E+01
  0.22242590E+01 -0.34543700E+01
  0.22346480E+01 -0.34456370E+01
  0.22450370E+01 -0.34388436E+01
  0.22554260E+01 -0.34473707E+01
  0.22658151E+01 -0.34556605E+01
  0.22762041E+01 -0.34636512E+01
  0.22865931E+01 -0.34712792E+01
  0.22969821E+01 -0.34784804E+01
  0.23073712E+01 -0.34851900E+01
  0.23177602E+01 -0.34913429E+01
  0.23281492E+01 -0.34968741E+01
  0.23385382E+01 -0.35017185E+01
  0.23489273E+01 -0.35058112E+01
  0.23593163E+01 -0.35090876E+01
  0.23697053E+01 -0.35114834E+01
  0.23800943E+01 -0.35129358E+01
  0.23904834E+01 -0.35133840E+01
  0.24008724E+01 -0.35127701E+01
  0.24112614E+01 -0.35110415E+01
  0.24216504E+01 -0.35081520E+01
  0.24320395E+01 -0.35040639E+01
  0.24424285E+01 -0.34987503E+01
  0.24528175E+01 -0.34921959E+01
  0.24632065E+01 -0.34843992E+01
  0.24735956E+01 -0.34753723E+01
  0.24839846E+01 -0.34651418E+01
  0.24943736E+01 -0.34537476E+01
  0.25047626E+01 -0.34412427E+01
  0.25151517E+01 -0.34276916E+01
  0.25255407E+01 -0.34131687E+01
  0.25359297E+01 -0.33977574E+01
  0.25463187E+01 -0.33815480E+01
  0.25567078E+01 -0.33646371E+01
  0.25670968E+01 -0.33471257E+01
  0.25774858E+01 -0.33291189E+01
  0.25878748E+01 -0.33107245E+01
  0.25982639E+01 -0.32920524E+01
  0.26086529E+01 -0.32732140E+01
  0.26190419E+01 -0.32543213E+01
  0.26294309E+01 -0.32354862E+01
  0.26398200E+01 -0.32168199E+01
  0.26502090E+01 -0.31984321E+01
  0.26605980E+01 -0.31804305E+01
  0.26709870E+01 -0.31629201E+01
  0.26813761E+01 -0.31460026E+01
  0.26917651E+01 -0.31297762E+01
  0.27021541E+01 -0.31143346E+01
  0.27125431E+01 -0.30997673E+01
  0.27229322E+01 -0.30861588E+01
  0.27333212E+01 -0.30735884E+01
  0.27437102E+01 -0.30621296E+01
  0.27540992E+01 -0.30518502E+01
  0.27644883E+01 -0.30428113E+01
  0.27748773E+01 -0.30350673E+01
  0.27852663E+01 -0.30286652E+01
  0.27956553E+01 -0.30236442E+01
  0.28060444E+01 -0.30200353E+01
  0.28164334E+01 -0.30178609E+01
  0.28267801E+01 -0.30171350E+01
  
  0.00000000E+00 -0.30171346E+01
  0.10346733E-01 -0.30172777E+01
  0.20693467E-01 -0.30177056E+01
  0.31040200E-01 -0.30184171E+01
  0.41386933E-01 -0.30194096E+01
  0.51733667E-01 -0.30206796E+01
  0.62080400E-01 -0.30222224E+01
  0.72427133E-01 -0.30240319E+01
  0.82773866E-01 -0.30261012E+01
  0.93120600E-01 -0.30284219E+01
  0.10346733E+00 -0.30309844E+01
  0.11381407E+00 -0.30337778E+01
  0.12416080E+00 -0.30367899E+01
  0.13450753E+00 -0.30400077E+01
  0.14485427E+00 -0.30434167E+01
  0.15520100E+00 -0.30470019E+01
  0.16554773E+00 -0.30507471E+01
  0.17589447E+00 -0.30546360E+01
  0.18624120E+00 -0.30586514E+01
  0.19658793E+00 -0.30627760E+01
  0.20693467E+00 -0.30669924E+01
  0.21728140E+00 -0.30712831E+01
  0.22762813E+00 -0.30756305E+01
  0.23797487E+00 -0.30800171E+01
  0.24832160E+00 -0.30844253E+01
  0.25866833E+00 -0.30888377E+01
  0.26901507E+00 -0.30932366E+01
  0.27936180E+00 -0.30976043E+01
  0.28970853E+00 -0.31019231E+01
  0.30005527E+00 -0.31061752E+01
  0.31040200E+00 -0.31103428E+01
  0.32074873E+00 -0.31144085E+01
  0.33109547E+00 -0.31183550E+01
  0.34144220E+00 -0.31221658E+01
  0.35178893E+00 -0.31258253E+01
  0.36213567E+00 -0.31293189E+01
  0.37248240E+00 -0.31326335E+01
  0.38282913E+00 -0.31357575E+01
  0.39317587E+00 -0.31386810E+01
  0.40352260E+00 -0.31413958E+01
  0.41386933E+00 -0.31438954E+01
  0.42421607E+00 -0.31461751E+01
  0.43456280E+00 -0.31482317E+01
  0.44490953E+00 -0.31500632E+01
  0.45525627E+00 -0.31516689E+01
  0.46560300E+00 -0.31530491E+01
  0.47594973E+00 -0.31542051E+01
  0.48629647E+00 -0.31551389E+01
  0.49664320E+00 -0.31558533E+01
  0.50698993E+00 -0.31563518E+01
  0.51733667E+00 -0.31566389E+01
  0.52768340E+00 -0.31567199E+01
  0.53803013E+00 -0.31566012E+01
  0.54837687E+00 -0.31562900E+01
  0.55872360E+00 -0.31557949E+01
  0.56907033E+00 -0.31551253E+01
  0.57941707E+00 -0.31542914E+01
  0.58976380E+00 -0.31533047E+01
  0.60011053E+00 -0.31521767E+01
  0.61045727E+00 -0.31509196E+01
  0.62080400E+00 -0.31495455E+01
  0.63115073E+00 -0.31480667E+01
  0.64149747E+00 -0.31464946E+01
  0.65184420E+00 -0.31448403E+01
  0.66219093E+00 -0.31431143E+01
  0.67253767E+00 -0.31413262E+01
  0.68288440E+00 -0.31394847E+01
  0.69323113E+00 -0.31375981E+01
  0.70357786E+00 -0.31356740E+01
  0.71392460E+00 -0.31337197E+01
  0.72427133E+00 -0.31317423E+01
  0.73461806E+00 -0.31297487E+01
  0.74496480E+00 -0.31277462E+01
  0.75531153E+00 -0.31257420E+01
  0.76565826E+00 -0.31237438E+01
  0.77600500E+00 -0.31217596E+01
  0.78635173E+00 -0.31197972E+01
  0.79669846E+00 -0.31178649E+01
  0.80704520E+00 -0.31159707E+01
  0.81739193E+00 -0.31141222E+01
  0.82773866E+00 -0.31123268E+01
  0.83808540E+00 -0.31105911E+01
  0.84843213E+00 -0.31089209E+01
  0.85877886E+00 -0.31073215E+01
  0.86912560E+00 -0.31057969E+01
  0.87947233E+00 -0.31043507E+01
  0.88981906E+00 -0.31029857E+01
  0.90016580E+00 -0.31017039E+01
  0.91051253E+00 -0.31005071E+01
  0.92085926E+00 -0.30993968E+01
  0.93120600E+00 -0.30983743E+01
  0.94155273E+00 -0.30974412E+01
  0.95189946E+00 -0.30965988E+01
  0.96224620E+00 -0.30958489E+01
  0.97259293E+00 -0.30951934E+01
  0.98293966E+00 -0.30946342E+01
  0.99328640E+00 -0.30941733E+01
  0.10036331E+01 -0.30938126E+01
  0.10139799E+01 -0.30935537E+01
  0.10243266E+01 -0.30933977E+01
  0.10346261E+01 -0.30933457E+01
  0.10449255E+01 -0.30938519E+01
  0.10552250E+01 -0.30953678E+01
  0.10655245E+01 -0.30978847E+01
  0.10758239E+01 -0.31013883E+01
  0.10861234E+01 -0.31058587E+01
  0.10964228E+01 -0.31112702E+01
  0.11067223E+01 -0.31175918E+01
  0.11170218E+01 -0.31247870E+01
  0.11273212E+01 -0.31328143E+01
  0.11376207E+01 -0.31416273E+01
  0.11479202E+01 -0.31511752E+01
  0.11582196E+01 -0.31614030E+01
  0.11685191E+01 -0.31722523E+01
  0.11788186E+01 -0.31836615E+01
  0.11891180E+01 -0.31955664E+01
  0.11994175E+01 -0.32079009E+01
  0.12097170E+01 -0.32205973E+01
  0.12200164E+01 -0.32335871E+01
  0.12303159E+01 -0.32415643E+01
  0.12406153E+01 -0.32438669E+01
  0.12509148E+01 -0.32463373E+01
  0.12612143E+01 -0.32489791E+01
  0.12715137E+01 -0.32517951E+01
  0.12818132E+01 -0.32547877E+01
  0.12921127E+01 -0.32579590E+01
  0.13024121E+01 -0.32613103E+01
  0.13127116E+01 -0.32648425E+01
  0.13230111E+01 -0.32685562E+01
  0.13333105E+01 -0.32724512E+01
  0.13436100E+01 -0.32765270E+01
  0.13539095E+01 -0.32807824E+01
  0.13642089E+01 -0.32852157E+01
  0.13745084E+01 -0.32898244E+01
  0.13848078E+01 -0.32946053E+01
  0.13951073E+01 -0.32995545E+01
  0.14054068E+01 -0.33046673E+01
  0.14157062E+01 -0.33099381E+01
  0.14260057E+01 -0.33153604E+01
  0.14363052E+01 -0.33209269E+01
  0.14466046E+01 -0.33266297E+01
  0.14569041E+01 -0.33324597E+01
  0.14672036E+01 -0.33384076E+01
  0.14775030E+01 -0.33444632E+01
  0.14878025E+01 -0.33506157E+01
  0.14981020E+01 -0.33568542E+01
  0.15084014E+01 -0.33631671E+01
  0.15187009E+01 -0.33695428E+01
  0.15290003E+01 -0.33759695E+01
  0.15392998E+01 -0.33824352E+01
  0.15495993E+01 -0.33889280E+01
  0.15598987E+01 -0.33954359E+01
  0.15701982E+01 -0.34019470E+01
  0.15804977E+01 -0.34084494E+01
  0.15907971E+01 -0.34149315E+01
  0.16010966E+01 -0.34213815E+01
  0.16113961E+01 -0.34277880E+01
  0.16216955E+01 -0.34341397E+01
  0.16320845E+01 -0.34404253E+01
  0.16424736E+01 -0.34339698E+01
  0.16528626E+01 -0.34272371E+01
  0.16632516E+01 -0.34202672E+01
  0.16736406E+01 -0.34131005E+01
  0.16840297E+01 -0.34057774E+01
  0.16944187E+01 -0.33983384E+01
  0.17048077E+01 -0.33908240E+01
  0.17151967E+01 -0.33832746E+01
  0.17255858E+01 -0.33757298E+01
  0.17359748E+01 -0.33682287E+01
  0.17463638E+01 -0.33608092E+01
  0.17567528E+01 -0.33535079E+01
  0.17671419E+01 -0.33463600E+01
  0.17775309E+01 -0.33393987E+01
  0.17879199E+01 -0.33326556E+01
  0.17983089E+01 -0.33261602E+01
  0.18086980E+01 -0.33199404E+01
  0.18190870E+01 -0.33140221E+01
  0.18294760E+01 -0.33084297E+01
  0.18398650E+01 -0.33031861E+01
  0.18502541E+01 -0.32983131E+01
  0.18606431E+01 -0.32938309E+01
  0.18710321E+01 -0.32897588E+01
  0.18814211E+01 -0.32861150E+01
  0.18918102E+01 -0.32829165E+01
  0.19021992E+01 -0.32801788E+01
  0.19125882E+01 -0.32779164E+01
  0.19229772E+01 -0.32761420E+01
  0.19333663E+01 -0.32748666E+01
  0.19437553E+01 -0.32740993E+01
  0.19541443E+01 -0.32738470E+01
  0.19645333E+01 -0.32741147E+01
  0.19749224E+01 -0.32749050E+01
  0.19853114E+01 -0.32762182E+01
  0.19957004E+01 -0.32780523E+01
  0.20060894E+01 -0.32804030E+01
  0.20164785E+01 -0.32832638E+01
  0.20268675E+01 -0.32866261E+01
  0.20372565E+01 -0.32904792E+01
  0.20476455E+01 -0.32948104E+01
  0.20580346E+01 -0.32996054E+01
  0.20684236E+01 -0.33048479E+01
  0.20788126E+01 -0.33105202E+01
  0.20892016E+01 -0.33166031E+01
  0.20995907E+01 -0.33230757E+01
  0.21099797E+01 -0.33299159E+01
  0.21203687E+01 -0.33371000E+01
  0.21307577E+01 -0.33446031E+01
  0.21411468E+01 -0.33523981E+01
  0.21515358E+01 -0.33604566E+01
  0.21619248E+01 -0.33687476E+01
  0.21723138E+01 -0.33772380E+01
  0.21827029E+01 -0.33858920E+01
  0.21930919E+01 -0.33946706E+01
  0.22034809E+01 -0.34035317E+01
  0.22138699E+01 -0.34124301E+01
  0.22242590E+01 -0.34213168E+01
  0.22346480E+01 -0.34301397E+01
  0.22450370E+01 -0.34365892E+01
  0.22554260E+01 -0.34272422E+01
  0.22658151E+01 -0.34176130E+01
  0.22762041E+01 -0.34077195E+01
  0.22865931E+01 -0.33975811E+01
  0.22969821E+01 -0.33872179E+01
  0.23073712E+01 -0.33766511E+01
  0.23177602E+01 -0.33659024E+01
  0.23281492E+01 -0.33549946E+01
  0.23385382E+01 -0.33439507E+01
  0.23489273E+01 -0.33327948E+01
  0.23593163E+01 -0.33215512E+01
  0.23697053E+01 -0.33102447E+01
  0.23800943E+01 -0.32989007E+01
  0.23904834E+01 -0.32875446E+01
  0.24008724E+01 -0.32762019E+01
  0.24112614E+01 -0.32648981E+01
  0.24216504E+01 -0.32536585E+01
  0.24320395E+01 -0.32425076E+01
  0.24424285E+01 -0.32314696E+01
  0.24528175E+01 -0.32205675E+01
  0.24632065E+01 -0.32098235E+01
  0.24735956E+01 -0.31992585E+01
  0.24839846E+01 -0.31888922E+01
  0.24943736E+01 -0.31787428E+01
  0.25047626E+01 -0.31688274E+01
  0.25151517E+01 -0.31591615E+01
  0.25255407E+01 -0.31497594E+01
  0.25359297E+01 -0.31406340E+01
  0.25463187E+01 -0.31317972E+01
  0.25567078E+01 -0.31232595E+01
  0.25670968E+01 -0.31150304E+01
  0.25774858E+01 -0.31071184E+01
  0.25878748E+01 -0.30995307E+01
  0.25982639E+01 -0.30922738E+01
  0.26086529E+01 -0.30853530E+01
  0.26190419E+01 -0.30787725E+01
  0.26294309E+01 -0.30725355E+01
  0.26398200E+01 -0.30666441E+01
  0.26502090E+01 -0.30610994E+01
  0.26605980E+01 -0.30559014E+01
  0.26709870E+01 -0.30510489E+01
  0.26813761E+01 -0.30465400E+01
  0.26917651E+01 -0.30423718E+01
  0.27021541E+01 -0.30385406E+01
  0.27125431E+01 -0.30350421E+01
  0.27229322E+01 -0.30318716E+01
  0.27333212E+01 -0.30290238E+01
  0.27437102E+01 -0.30264937E+01
  0.27540992E+01 -0.30242759E+01
  0.27644883E+01 -0.30223655E+01
  0.27748773E+01 -0.30207577E+01
  0.27852663E+01 -0.30194485E+01
  0.27956553E+01 -0.30184341E+01
  0.28060444E+01 -0.30177117E+01
  0.28164334E+01 -0.30172791E+01
  0.28267801E+01 -0.30171346E+01
  
