G 0.00000000 0.00000000 0.00000000 0.00000000
. 0.05000000 0.05000000 0.05000000 0.05019645
. 0.10000000 0.10000000 0.10000000 0.10039291
. 0.15000000 0.15000000 0.15000000 0.15058936
. 0.20000000 0.20000000 0.20000000 0.20078581
. 0.25000000 0.25000000 0.25000000 0.25098227
. 0.30000000 0.30000000 0.30000000 0.30117872
. 0.35000000 0.35000000 0.35000000 0.35137518
. 0.40000000 0.40000000 0.40000000 0.40157163
. 0.45000000 0.45000000 0.45000000 0.45176808
T 0.50000000 0.50000000 0.50000000 0.50196454
. 0.51324731 0.48675269 0.50000000 0.55198097
. 0.52649461 0.47350539 0.50000000 0.60199741
. 0.53974192 0.46025808 0.50000000 0.65201385
. 0.55298923 0.44701077 0.50000000 0.70203028
. 0.56623654 0.43376346 0.50000000 0.75204672
. 0.57948384 0.42051616 0.50000000 0.80206316
. 0.59273115 0.40726885 0.50000000 0.85207959
. 0.60597846 0.39402154 0.50000000 0.90209603
. 0.61922577 0.38077423 0.50000000 0.95211247
. 0.63247307 0.36752693 0.50000000 1.00212890
. 0.64572038 0.35427962 0.50000000 1.05214534
. 0.65896769 0.34103231 0.50000000 1.10216178
. 0.67221499 0.32778501 0.50000000 1.15217821
. 0.68546230 0.31453770 0.50000000 1.20219465
. 0.69870961 0.30129039 0.50000000 1.25221109
. 0.71195692 0.28804308 0.50000000 1.30222752
. 0.72520422 0.27479578 0.50000000 1.35224396
. 0.73845153 0.26154847 0.50000000 1.40226040
. 0.75169884 0.24830116 0.50000000 1.45227684
. 0.76494615 0.23505385 0.50000000 1.50229327
. 0.77819345 0.22180655 0.50000000 1.55230971
. 0.79144076 0.20855924 0.50000000 1.60232615
. 0.80468807 0.19531193 0.50000000 1.65234258
H2 0.81793537 0.18206463 0.50000000 1.70235902
. 0.76494615 0.12137642 0.44701077 1.76060311
. 0.71195692 0.06068821 0.39402154 1.81884721
. 0.65896769 0.00000000 0.34103231 1.87709130
. 0.60597846 -0.06068821 0.28804308 1.93533540
. 0.55298923 -0.12137642 0.23505385 1.99357949
H0 0.50000000 -0.18206463 0.18206463 2.05182359
. 0.50000000 -0.16805965 0.16805965 2.10470065
. 0.50000000 -0.15405468 0.15405468 2.15757772
. 0.50000000 -0.14004971 0.14004971 2.21045479
. 0.50000000 -0.12604474 0.12604474 2.26333185
. 0.50000000 -0.11203977 0.11203977 2.31620892
. 0.50000000 -0.09803480 0.09803480 2.36908599
. 0.50000000 -0.08402983 0.08402983 2.42196306
. 0.50000000 -0.07002486 0.07002486 2.47484012
. 0.50000000 -0.05601988 0.05601988 2.52771719
. 0.50000000 -0.04201491 0.04201491 2.58059426
. 0.50000000 -0.02800994 0.02800994 2.63347132
. 0.50000000 -0.01400497 0.01400497 2.68634839
L 0.50000000 0.00000000 0.00000000 2.73922546
. 0.47727273 0.00000000 0.00000000 2.78934765
. 0.45454545 0.00000000 0.00000000 2.83946985
. 0.43181818 0.00000000 0.00000000 2.88959205
. 0.40909091 0.00000000 0.00000000 2.93971424
. 0.38636364 0.00000000 0.00000000 2.98983644
. 0.36363636 0.00000000 0.00000000 3.03995863
. 0.34090909 0.00000000 0.00000000 3.09008083
. 0.31818182 0.00000000 0.00000000 3.14020303
. 0.29545455 0.00000000 0.00000000 3.19032522
. 0.27272727 0.00000000 0.00000000 3.24044742
. 0.25000000 0.00000000 0.00000000 3.29056961
. 0.22727273 0.00000000 0.00000000 3.34069181
. 0.20454545 0.00000000 0.00000000 3.39081401
. 0.18181818 0.00000000 0.00000000 3.44093620
. 0.15909091 0.00000000 0.00000000 3.49105840
. 0.13636364 0.00000000 0.00000000 3.54118059
. 0.11363636 0.00000000 0.00000000 3.59130279
. 0.09090909 0.00000000 0.00000000 3.64142499
. 0.06818182 0.00000000 0.00000000 3.69154718
. 0.04545455 0.00000000 0.00000000 3.74166938
. 0.02272727 0.00000000 0.00000000 3.79179157
G 0.00000000 0.00000000 0.00000000 3.84191377
. 0.01364129 -0.01364129 0.00000000 3.89341773
. 0.02728259 -0.02728259 0.00000000 3.94492170
. 0.04092388 -0.04092388 0.00000000 3.99642566
. 0.05456517 -0.05456517 0.00000000 4.04792963
. 0.06820646 -0.06820646 0.00000000 4.09943359
. 0.08184776 -0.08184776 0.00000000 4.15093756
. 0.09548905 -0.09548905 0.00000000 4.20244152
. 0.10913034 -0.10913034 0.00000000 4.25394549
. 0.12277163 -0.12277163 0.00000000 4.30544945
. 0.13641293 -0.13641293 0.00000000 4.35695342
. 0.15005422 -0.15005422 0.00000000 4.40845738
. 0.16369551 -0.16369551 0.00000000 4.45996134
. 0.17733680 -0.17733680 0.00000000 4.51146531
. 0.19097810 -0.19097810 0.00000000 4.56296927
. 0.20461939 -0.20461939 0.00000000 4.61447324
. 0.21826068 -0.21826068 0.00000000 4.66597720
. 0.23190197 -0.23190197 0.00000000 4.71748117
. 0.24554327 -0.24554327 0.00000000 4.76898513
. 0.25918456 -0.25918456 0.00000000 4.82048910
. 0.27282585 -0.27282585 0.00000000 4.87199306
. 0.28646714 -0.28646714 0.00000000 4.92349703
. 0.30010844 -0.30010844 0.00000000 4.97500099
. 0.31374973 -0.31374973 0.00000000 5.02650495
. 0.32739102 -0.32739102 0.00000000 5.07800892
S0 0.34103231 -0.34103231 0.00000000 5.12951288
. 0.39402154 -0.28419359 0.05683872 5.18591443
. 0.44701077 -0.22735488 0.11367744 5.24231597
. 0.50000000 -0.17051616 0.17051616 5.29871752
. 0.55298923 -0.11367744 0.22735488 5.35511907
. 0.60597846 -0.05683872 0.28419359 5.41152061
S2 0.65896769 0.00000000 0.34103231 5.46792216
. 0.64572038 0.00000000 0.35427962 5.51793859
. 0.63247307 0.00000000 0.36752693 5.56795503
. 0.61922577 0.00000000 0.38077423 5.61797147
. 0.60597846 0.00000000 0.39402154 5.66798790
. 0.59273115 0.00000000 0.40726885 5.71800434
. 0.57948384 0.00000000 0.42051616 5.76802078
. 0.56623654 0.00000000 0.43376346 5.81803721
. 0.55298923 0.00000000 0.44701077 5.86805365
. 0.53974192 0.00000000 0.46025808 5.91807009
. 0.52649461 0.00000000 0.47350539 5.96808652
. 0.51324731 0.00000000 0.48675269 6.01810296
F 0.50000000 0.00000000 0.50000000 6.06811940