 &plot nbnd=  24, nks=   121 /
            0.000000  0.000000  0.000000
  -80.253  -46.376  -46.376  -46.348  -11.460  -10.190   -0.421    1.147    1.147    2.939
    3.083    3.083    5.360    5.360    5.943    7.479    7.479   10.161   11.313   14.239
   14.497   14.497   17.085   17.085
            0.000000  0.000000  0.033464
  -80.253  -46.376  -46.376  -46.348  -11.459  -10.190   -0.418    1.147    1.147    2.934
    3.083    3.083    5.360    5.360    5.943    7.479    7.479   10.170   11.314   14.221
   14.497   14.497   17.086   17.086
            0.000000  0.000000  0.066929
  -80.253  -46.376  -46.376  -46.348  -11.459  -10.191   -0.410    1.147    1.147    2.917
    3.083    3.083    5.360    5.360    5.946    7.479    7.479   10.200   11.316   14.170
   14.500   14.500   17.090   17.090
            0.000000  0.000000  0.100393
  -80.253  -46.376  -46.376  -46.348  -11.458  -10.193   -0.398    1.147    1.147    2.891
    3.082    3.082    5.360    5.360    5.949    7.480    7.480   10.248   11.319   14.086
   14.504   14.504   17.096   17.096
            0.000000  0.000000  0.133857
  -80.253  -46.376  -46.376  -46.348  -11.456  -10.195   -0.381    1.148    1.148    2.856
    3.081    3.081    5.360    5.360    5.953    7.480    7.480   10.315   11.324   13.975
   14.509   14.509   17.105   17.105
            0.000000  0.000000  0.167322
  -80.253  -46.376  -46.376  -46.348  -11.454  -10.198   -0.359    1.148    1.148    2.813
    3.081    3.081    5.360    5.360    5.958    7.481    7.481   10.399   11.330   13.841
   14.515   14.515   17.116   17.116
            0.000000  0.000000  0.200786
  -80.253  -46.376  -46.376  -46.348  -11.452  -10.201   -0.335    1.148    1.148    2.765
    3.080    3.080    5.360    5.360    5.964    7.482    7.482   10.499   11.337   13.689
   14.522   14.522   17.128   17.128
            0.000000  0.000000  0.234250
  -80.253  -46.376  -46.376  -46.348  -11.450  -10.205   -0.308    1.149    1.149    2.713
    3.078    3.078    5.360    5.360    5.969    7.482    7.482   10.614   11.344   13.521
   14.529   14.529   17.141   17.141
            0.000000  0.000000  0.267714
  -80.253  -46.376  -46.376  -46.348  -11.448  -10.209   -0.280    1.149    1.149    2.659
    3.077    3.077    5.360    5.360    5.975    7.483    7.483   10.742   11.353   13.343
   14.537   14.537   17.155   17.155
            0.000000  0.000000  0.301179
  -80.253  -46.376  -46.376  -46.348  -11.446  -10.212   -0.252    1.150    1.150    2.607
    3.076    3.076    5.360    5.360    5.980    7.484    7.484   10.882   11.363   13.156
   14.545   14.545   17.168   17.168
            0.000000  0.000000  0.334643
  -80.253  -46.376  -46.376  -46.348  -11.444  -10.216   -0.224    1.150    1.150    2.557
    3.075    3.075    5.360    5.360    5.984    7.485    7.485   11.028   11.376   12.964
   14.552   14.552   17.181   17.181
            0.000000  0.000000  0.368107
  -80.253  -46.376  -46.376  -46.348  -11.442  -10.219   -0.200    1.150    1.150    2.513
    3.074    3.074    5.361    5.361    5.988    7.485    7.485   11.173   11.401   12.768
   14.559   14.559   17.193   17.193
            0.000000  0.000000  0.401572
  -80.253  -46.376  -46.376  -46.348  -11.440  -10.221   -0.179    1.151    1.151    2.476
    3.074    3.074    5.361    5.361    5.991    7.486    7.486   11.282   11.467   12.572
   14.564   14.564   17.202   17.202
            0.000000  0.000000  0.435036
  -80.253  -46.376  -46.376  -46.348  -11.439  -10.223   -0.163    1.151    1.151    2.448
    3.073    3.073    5.361    5.361    5.993    7.486    7.486   11.326   11.603   12.377
   14.568   14.568   17.210   17.210
            0.000000  0.000000  0.468500
  -80.253  -46.376  -46.376  -46.348  -11.438  -10.224   -0.153    1.151    1.151    2.431
    3.073    3.073    5.361    5.361    5.995    7.486    7.486   11.340   11.766   12.191
   14.570   14.570   17.214   17.214
            0.000000  0.000000  0.501965
  -80.253  -46.376  -46.376  -46.348  -11.438  -10.224   -0.149    1.151    1.151    2.425
    3.073    3.073    5.361    5.361    5.995    7.486    7.486   11.344   11.880   12.071
   14.571   14.571   17.216   17.216
            0.040013 -0.069305  0.501965
  -80.253  -46.376  -46.376  -46.348  -11.427  -10.221   -0.139    1.105    1.153    2.463
    2.998    3.046    5.374    5.382    6.005    7.448    7.477   11.419   11.938   12.082
   14.523   14.616   17.133   17.233
            0.080026 -0.138610  0.501965
  -80.253  -46.377  -46.376  -46.348  -11.393  -10.211   -0.108    0.984    1.160    2.555
    2.795    2.968    5.412    5.433    6.032    7.347    7.447   11.624   12.106   12.117
   14.392   14.751   16.910   17.283
            0.120039 -0.207914  0.501965
  -80.253  -46.378  -46.377  -46.348  -11.338  -10.196   -0.061    0.822    1.169    2.506
    2.665    2.848    5.468    5.489    6.070    7.219    7.400   11.889   12.202   12.363
   14.213   14.976   16.597   17.322
            0.160053 -0.277219  0.501965
  -80.253  -46.379  -46.377  -46.348  -11.263  -10.176   -0.002    0.644    1.176    2.175
    2.687    2.770    5.535    5.536    6.111    7.103    7.337   12.050   12.453   12.672
   14.032   15.283   16.238   16.935
            0.200066 -0.346524  0.501965
  -80.253  -46.380  -46.377  -46.347  -11.171  -10.153    0.057    0.467    1.179    1.842
    2.514    2.833    5.567    5.607    6.141    7.027    7.265   12.101   12.842   12.960
   13.919   15.634   15.882   16.464
            0.240079 -0.415829  0.501965
  -80.253  -46.382  -46.378  -46.347  -11.064  -10.128    0.097    0.302    1.172    1.545
    2.326    2.853    5.590    5.674    6.152    7.006    7.193   12.118   13.107   13.270
   13.979   15.481   16.019   16.052
            0.280092 -0.485134  0.501965
  -80.253  -46.383  -46.379  -46.347  -10.946  -10.104    0.088    0.157    1.144    1.335
    2.136    2.826    5.607    5.736    6.137    7.038    7.133   12.120   13.089   13.712
   14.205   15.157   15.629   16.365
            0.320105 -0.554438  0.501965
  -80.253  -46.385  -46.379  -46.347  -10.822  -10.082    0.007    0.035    1.068    1.262
    1.953    2.754    5.622    5.791    6.098    7.092    7.109   12.121   13.016   14.156
   14.439   14.887   15.332   16.574
            0.360118 -0.623743  0.501965
  -80.253  -46.386  -46.380  -46.346  -10.695  -10.065   -0.132   -0.059    0.969    1.290
    1.784    2.647    5.638    5.843    6.044    7.070    7.195   12.133   12.945   14.534
   14.537   14.749   15.199   16.693
            0.400131 -0.693048  0.501965
  -80.252  -46.387  -46.381  -46.346  -10.571  -10.053   -0.284   -0.124    0.853    1.369
    1.633    2.518    5.653    5.890    5.987    7.065    7.274   12.176   12.889   14.471
   14.503   15.088   15.237   16.746
            0.440145 -0.762353  0.501965
  -80.252  -46.387  -46.382  -46.346  -10.455  -10.048   -0.413   -0.161    0.714    1.472
    1.505    2.376    5.663    5.931    5.946    7.071    7.325   12.269   12.846   14.374
   14.448   15.305   15.498   16.743
            0.480158 -0.831658  0.501965
  -80.252  -46.388  -46.383  -46.346  -10.352  -10.051   -0.496   -0.173    0.551    1.404
    1.579    2.233    5.660    5.935    5.966    7.087    7.340   12.425   12.816   14.320
   14.448   15.339   15.849   16.705
            0.520171 -0.900963  0.501965
  -80.252  -46.388  -46.384  -46.346  -10.264  -10.061   -0.523   -0.163    0.371    1.329
    1.677    2.098    5.647    5.952    5.992    7.109    7.317   12.651   12.797   14.320
   14.487   15.339   16.044   16.710
            0.560184 -0.970267  0.501965
  -80.252  -46.387  -46.385  -46.346  -10.195  -10.078   -0.491   -0.140    0.185    1.283
    1.756    1.979    5.634    5.981    6.009    7.139    7.266   12.792   12.943   14.357
   14.538   15.322   16.003   16.659
            0.600197 -1.039572  0.501965
  -80.252  -46.387  -46.385  -46.346  -10.145  -10.101   -0.413   -0.112    0.012    1.264
    1.813    1.885    5.630    6.007    6.016    7.176    7.202   12.803   13.280   14.396
   14.575   15.306   15.801   16.384
            0.600197 -1.046285  0.479655
  -80.252  -46.387  -46.386  -46.346  -10.143  -10.103   -0.407   -0.109    0.001    1.263
    1.816    1.879    5.630    6.008    6.017    7.179    7.198   12.802   13.312   14.382
   14.584   15.311   15.781   16.362
            0.600197 -1.052998  0.457345
  -80.252  -46.387  -46.386  -46.346  -10.140  -10.105   -0.401   -0.106   -0.010    1.263
    1.819    1.873    5.630    6.009    6.017    7.181    7.194   12.796   13.357   14.341
   14.603   15.327   15.757   16.339
            0.600197 -1.059711  0.435036
  -80.252  -46.387  -46.386  -46.346  -10.138  -10.106   -0.397   -0.101   -0.021    1.262
    1.823    1.868    5.630    6.010    6.017    7.182    7.192   12.788   13.411   14.284
   14.623   15.354   15.731   16.317
            0.600197 -1.066424  0.412726
  -80.252  -46.387  -46.386  -46.346  -10.135  -10.108   -0.393   -0.095   -0.031    1.262
    1.826    1.863    5.630    6.011    6.017    7.183    7.190   12.780   13.470   14.220
   14.641   15.388   15.701   16.298
            0.600197 -1.073137  0.390417
  -80.252  -46.387  -46.386  -46.346  -10.134  -10.109   -0.390   -0.088   -0.042    1.262
    1.830    1.858    5.630    6.011    6.017    7.183    7.189   12.773   13.528   14.156
   14.655   15.427   15.669   16.282
            0.600197 -1.079850  0.368107
  -80.252  -46.387  -46.386  -46.346  -10.132  -10.110   -0.388   -0.081   -0.052    1.262
    1.833    1.854    5.630    6.012    6.017    7.182    7.189   12.767   13.579   14.101
   14.665   15.464   15.637   16.270
            0.600197 -1.086563  0.345798
  -80.252  -46.387  -46.386  -46.346  -10.132  -10.111   -0.387   -0.073   -0.061    1.262
    1.835    1.851    5.630    6.012    6.017    7.182    7.189   12.765   13.610   14.067
   14.670   15.492   15.612   16.264
            0.600197 -1.093276  0.323488
  -80.252  -46.387  -46.386  -46.346  -10.132  -10.111   -0.387   -0.073   -0.061    1.262
    1.835    1.851    5.630    6.012    6.017    7.182    7.189   12.765   13.610   14.067
   14.670   15.492   15.612   16.264
            0.600197 -1.099989  0.301179
  -80.252  -46.387  -46.386  -46.346  -10.132  -10.110   -0.388   -0.081   -0.052    1.262
    1.833    1.854    5.630    6.012    6.017    7.182    7.189   12.767   13.579   14.101
   14.665   15.464   15.637   16.270
            0.600197 -1.106702  0.278869
  -80.252  -46.387  -46.386  -46.346  -10.134  -10.109   -0.390   -0.088   -0.042    1.262
    1.830    1.858    5.630    6.011    6.017    7.183    7.189   12.773   13.528   14.156
   14.655   15.427   15.669   16.282
            0.600197 -1.113415  0.256560
  -80.252  -46.387  -46.386  -46.346  -10.135  -10.108   -0.393   -0.095   -0.031    1.262
    1.826    1.863    5.630    6.011    6.017    7.183    7.190   12.780   13.470   14.220
   14.641   15.388   15.701   16.298
            0.600197 -1.120128  0.234250
  -80.252  -46.387  -46.386  -46.346  -10.138  -10.106   -0.397   -0.101   -0.021    1.262
    1.823    1.868    5.630    6.010    6.017    7.182    7.192   12.788   13.411   14.284
   14.623   15.354   15.731   16.317
            0.600197 -1.126841  0.211941
  -80.252  -46.387  -46.386  -46.346  -10.140  -10.105   -0.401   -0.106   -0.010    1.263
    1.819    1.873    5.630    6.009    6.017    7.181    7.194   12.796   13.357   14.341
   14.603   15.327   15.757   16.339
            0.600197 -1.133554  0.189631
  -80.252  -46.387  -46.386  -46.346  -10.143  -10.103   -0.407   -0.109    0.001    1.263
    1.816    1.879    5.630    6.008    6.017    7.179    7.198   12.802   13.312   14.382
   14.584   15.311   15.781   16.362
            0.600197 -1.140267  0.167322
  -80.252  -46.387  -46.385  -46.346  -10.145  -10.101   -0.413   -0.112    0.012    1.264
    1.813    1.885    5.630    6.007    6.016    7.176    7.202   12.803   13.280   14.396
   14.575   15.306   15.801   16.384
            0.623111 -1.100580  0.167322
  -80.252  -46.386  -46.386  -46.346  -10.125  -10.116   -0.370   -0.096   -0.055    1.262
    1.835    1.844    5.631    6.015    6.016    7.167    7.201   12.815   13.479   14.399
   14.590   15.294   15.632   16.229
            0.646024 -1.060893  0.167322
  -80.252  -46.387  -46.386  -46.346  -10.133  -10.110   -0.374   -0.083   -0.055    1.267
    1.814    1.850    5.634    6.012    6.019    7.137    7.228   12.829   13.663   14.376
   14.614   15.271   15.423   16.109
            0.668937 -1.021206  0.167322
  -80.252  -46.387  -46.385  -46.346  -10.150  -10.101   -0.434   -0.073    0.022    1.277
    1.795    1.858    5.636    6.005    6.017    7.114    7.257   12.838   13.808   14.323
   14.670   15.175   15.230   16.049
            0.691851 -0.981519  0.167322
  -80.252  -46.388  -46.385  -46.346  -10.167  -10.095   -0.516   -0.066    0.141    1.290
    1.788    1.860    5.637    5.995    6.010    7.102    7.287   12.834   13.888   14.242
   14.782   14.899   15.178   16.051
            0.714764 -0.941832  0.167322
  -80.252  -46.388  -46.384  -46.346  -10.184  -10.094   -0.602   -0.063    0.282    1.304
    1.790    1.858    5.632    5.983    6.001    7.101    7.317   12.804   13.900   14.154
   14.595   14.958   15.132   16.094
            0.737678 -0.902144  0.167322
  -80.252  -46.388  -46.383  -46.346  -10.201  -10.095   -0.686   -0.063    0.437    1.321
    1.799    1.851    5.621    5.969    5.991    7.112    7.345   12.737   13.863   14.083
   14.289   15.100   15.164   16.154
            0.760591 -0.862457  0.167322
  -80.252  -46.389  -46.383  -46.346  -10.217  -10.098   -0.764   -0.066    0.600    1.338
    1.815    1.841    5.599    5.956    5.982    7.134    7.373   12.629   13.779   14.007
   14.048   15.085   15.382   16.207
            0.783504 -0.822770  0.167322
  -80.252  -46.389  -46.382  -46.346  -10.232  -10.104   -0.835   -0.071    0.766    1.356
    1.828    1.832    5.567    5.943    5.977    7.168    7.397   12.488   13.582   13.836
   14.051   15.088   15.593   16.238
            0.806418 -0.783083  0.167322
  -80.252  -46.389  -46.381  -46.346  -10.246  -10.109   -0.898   -0.077    0.931    1.374
    1.813    1.850    5.525    5.931    5.975    7.209    7.419   12.333   13.314   13.752
   14.082   15.110   15.786   16.237
            0.829331 -0.743396  0.167322
  -80.252  -46.390  -46.381  -46.346  -10.258  -10.115   -0.953   -0.084    1.089    1.392
    1.797    1.867    5.477    5.921    5.976    7.257    7.437   12.179   13.053   13.689
   14.127   15.152   15.951   16.202
            0.852245 -0.703709  0.167322
  -80.252  -46.390  -46.381  -46.346  -10.268  -10.121   -0.998   -0.091    1.236    1.409
    1.778    1.881    5.427    5.913    5.979    7.305    7.452   12.039   12.821   13.638
   14.174   15.215   16.083   16.136
            0.875158 -0.664021  0.167322
  -80.252  -46.390  -46.380  -46.346  -10.276  -10.126   -1.034   -0.097    1.367    1.423
    1.756    1.892    5.380    5.907    5.982    7.351    7.464   11.922   12.629   13.598
   14.216   15.297   16.046   16.183
            0.898071 -0.624334  0.167322
  -80.252  -46.390  -46.380  -46.346  -10.282  -10.130   -1.060   -0.101    1.435    1.477
    1.729    1.899    5.341    5.903    5.985    7.388    7.472   11.836   12.485   13.568
   14.247   15.394   15.941   16.252
            0.920985 -0.584647  0.167322
  -80.252  -46.390  -46.380  -46.346  -10.285  -10.132   -1.075   -0.104    1.442    1.563
    1.695    1.903    5.316    5.901    5.987    7.412    7.476   11.782   12.396   13.550
   14.267   15.493   15.837   16.291
            0.943898 -0.544960  0.167322
  -80.252  -46.390  -46.380  -46.346  -10.287  -10.133   -1.080   -0.105    1.444    1.609
    1.667    1.905    5.307    5.900    5.987    7.421    7.478   11.764   12.365   13.544
   14.273   15.548   15.780   16.304
            0.880972 -0.508629  0.156167
  -80.252  -46.390  -46.380  -46.346  -10.318  -10.118   -1.051   -0.098    1.433    1.541
    1.687    1.976    5.310    5.901    5.995    7.416    7.461   11.764   12.398   13.542
   14.281   15.541   15.792   16.323
            0.818045 -0.472299  0.145012
  -80.252  -46.390  -46.380  -46.346  -10.389  -10.091   -0.966   -0.074    1.406    1.413
    1.739    2.115    5.318    5.905    6.015    7.403    7.414   11.772   12.483   13.523
   14.321   15.536   15.825   16.350
            0.755119 -0.435968  0.133857
  -80.252  -46.389  -46.379  -46.346  -10.482  -10.071   -0.829   -0.036    1.277    1.374
    1.813    2.274    5.331    5.910    6.044    7.342    7.382   11.800   12.587   13.480
   14.416   15.558   15.875   16.336
            0.692192 -0.399637  0.122702
  -80.252  -46.388  -46.379  -46.346  -10.587  -10.060   -0.651    0.015    1.153    1.342
    1.902    2.440    5.347    5.912    6.077    7.255    7.356   11.854   12.646   13.451
   14.573   15.603   15.933   16.256
            0.629265 -0.363307  0.111548
  -80.253  -46.387  -46.379  -46.346  -10.699  -10.059   -0.448    0.072    1.064    1.312
    2.005    2.605    5.366    5.910    6.106    7.164    7.330   11.933   12.589   13.510
   14.751   15.624   15.983   16.182
            0.566339 -0.326976  0.100393
  -80.253  -46.386  -46.379  -46.347  -10.815  -10.066   -0.244    0.124    1.043    1.284
    2.120    2.761    5.386    5.898    6.125    7.082    7.308   12.012   12.436   13.653
   14.843   15.613   16.000   16.242
            0.503412 -0.290645  0.089238
  -80.253  -46.384  -46.378  -46.347  -10.930  -10.079   -0.087    0.174    1.128    1.258
    2.245    2.898    5.406    5.871    6.132    7.021    7.295   11.965   12.355   13.792
   14.750   15.709   15.950   16.419
            0.440486 -0.254315  0.078083
  -80.253  -46.383  -46.378  -46.347  -11.041  -10.097   -0.053    0.285    1.234    1.327
    2.377    3.005    5.424    5.827    6.124    6.994    7.295   11.721   12.424   13.804
   14.667   15.805   15.814   16.672
            0.377559 -0.217984  0.066929
  -80.253  -46.381  -46.377  -46.347  -11.143  -10.116   -0.106    0.442    1.212    1.608
    2.515    3.074    5.438    5.763    6.102    7.009    7.310   11.416   12.468   13.680
   14.729   15.577   15.826   17.008
            0.314633 -0.181653  0.055774
  -80.253  -46.380  -46.377  -46.347  -11.235  -10.135   -0.184    0.607    1.193    1.931
    2.652    3.101    5.444    5.684    6.070    7.065    7.338   11.102   12.363   13.627
   14.797   15.311   15.870   17.284
            0.251706 -0.145323  0.044619
  -80.253  -46.379  -46.377  -46.348  -11.313  -10.153   -0.262    0.767    1.177    2.265
    2.784    3.089    5.440    5.595    6.034    7.156    7.375   10.803   12.112   13.716
   14.778   15.048   16.050   17.222
            0.188780 -0.108992  0.033464
  -80.253  -46.378  -46.377  -46.348  -11.376  -10.168   -0.329    0.913    1.164    2.579
    2.902    3.049    5.423    5.507    5.998    7.266    7.414   10.541   11.816   13.877
   14.701   14.819   16.338   17.168
            0.125853 -0.072661  0.022310
  -80.253  -46.377  -46.376  -46.348  -11.422  -10.180   -0.379    1.035    1.155    2.841
    2.998    2.998    5.397    5.431    5.968    7.372    7.448   10.336   11.554   14.045
   14.612   14.644   16.664   17.124
            0.062927 -0.036331  0.011155
  -80.253  -46.376  -46.376  -46.348  -11.450  -10.187   -0.410    1.117    1.149    2.956
    3.020    3.061    5.371    5.379    5.949    7.450    7.471   10.205   11.376   14.180
   14.534   14.535   16.954   17.095
            0.000000  0.000000  0.000000
  -80.253  -46.376  -46.376  -46.348  -11.460  -10.190   -0.421    1.147    1.147    2.939
    3.083    3.083    5.360    5.360    5.943    7.479    7.479   10.161   11.313   14.239
   14.497   14.497   17.085   17.085
            0.042920 -0.074340 -0.000000
  -80.253  -46.376  -46.376  -46.348  -11.446  -10.186   -0.406    1.106    1.149    2.962
    2.995    3.053    5.376    5.385    5.952    7.440    7.467   10.221   11.401   14.160
   14.548   14.549   16.908   17.098
            0.085840 -0.148679 -0.000000
  -80.253  -46.377  -46.376  -46.348  -11.408  -10.176   -0.364    0.996    1.156    2.757
    2.958    3.025    5.423    5.441    5.977    7.341    7.431   10.395   11.643   13.980
   14.660   14.703   16.539   17.134
            0.128760 -0.223019 -0.000000
  -80.253  -46.378  -46.377  -46.348  -11.344  -10.160   -0.297    0.841    1.165    2.423
    2.822    3.084    5.491    5.501    6.015    7.227    7.370   10.662   11.991   13.752
   14.805   14.940   16.146   17.172
            0.171680 -0.297358 -0.000000
  -80.253  -46.379  -46.377  -46.347  -11.258  -10.139   -0.211    0.666    1.172    2.044
    2.650    3.117    5.547    5.572    6.057    7.139    7.289   10.992   12.396   13.514
   14.971   15.185   15.834   17.166
            0.214600 -0.371698 -0.000000
  -80.253  -46.381  -46.378  -46.347  -11.153  -10.116   -0.117    0.491    1.172    1.665
    2.457    3.102    5.579    5.657    6.092    7.102    7.196   11.355   12.818   13.298
   15.130   15.199   15.787   17.044
            0.257520 -0.446037 -0.000000
  -80.253  -46.382  -46.378  -46.347  -11.032  -10.092   -0.036    0.327    1.158    1.329
    2.256    3.034    5.601    5.737    6.108    7.106    7.123   11.721   13.132   13.226
   15.024   15.239   15.824   16.801
            0.300440 -0.520377 -0.000000
  -80.253  -46.384  -46.379  -46.347  -10.900  -10.070   -0.009    0.185    1.063    1.151
    2.059    2.918    5.618    5.809    6.097    7.034    7.186   12.057   13.044   13.588
   14.899   15.262   15.695   16.467
            0.343360 -0.594717 -0.000000
  -80.253  -46.385  -46.380  -46.346  -10.763  -10.052   -0.075    0.069    0.926    1.133
    1.873    2.767    5.636    5.871    6.059    6.990    7.269   12.313   13.083   13.863
   14.894   15.203   15.520   16.076
            0.386280 -0.669056 -0.000000
  -80.252  -46.386  -46.380  -46.346  -10.627  -10.040   -0.211   -0.016    0.827    1.176
    1.706    2.595    5.656    5.923    6.005    6.974    7.345   12.452   13.276   14.039
   14.998   15.099   15.418   15.683
            0.429200 -0.743396 -0.000000
  -80.252  -46.387  -46.381  -46.346  -10.497  -10.036   -0.352   -0.070    0.700    1.282
    1.564    2.416    5.675    5.954    5.964    6.978    7.394   12.526   13.559   14.172
   14.958   15.104   15.355   15.437
            0.472120 -0.817735 -0.000000
  -80.252  -46.388  -46.382  -46.346  -10.380  -10.040   -0.455   -0.096    0.536    1.419
    1.449    2.244    5.681    5.930    5.994    6.996    7.404   12.593   13.839   14.327
   14.739   15.193   15.194   15.454
            0.515040 -0.892075 -0.000000
  -80.252  -46.388  -46.383  -46.346  -10.281  -10.053   -0.496   -0.099    0.347    1.363
    1.558    2.090    5.668    5.943    6.014    7.025    7.376   12.673   13.991   14.535
   14.563   15.169   15.182   15.468
            0.557960 -0.966414 -0.000000
  -80.252  -46.387  -46.384  -46.346  -10.203  -10.073   -0.470   -0.087    0.148    1.305
    1.681    1.965    5.649    5.975    6.024    7.064    7.319   12.761   13.873   14.612
   14.800   14.871   15.256   15.691
            0.600880 -1.040754 -0.000000
  -80.252  -46.387  -46.386  -46.346  -10.146  -10.100   -0.393   -0.072   -0.035    1.272
    1.780    1.878    5.636    6.004    6.023    7.116    7.251   12.821   13.682   14.478
   14.696   15.128   15.398   15.995
            0.643800 -1.115094 -0.000000
  -80.252  -46.387  -46.386  -46.346  -10.132  -10.111   -0.387   -0.071   -0.063    1.262
    1.835    1.851    5.630    6.012    6.017    7.182    7.189   12.764   13.614   14.062
   14.670   15.497   15.608   16.264
            0.640893 -1.113415  0.022310
  -80.252  -46.386  -46.386  -46.346  -10.131  -10.112   -0.384   -0.076   -0.062    1.262
    1.836    1.849    5.630    6.012    6.017    7.179    7.192   12.770   13.605   14.088
   14.671   15.475   15.606   16.258
            0.637986 -1.111737  0.044619
  -80.252  -46.386  -46.386  -46.346  -10.129  -10.113   -0.380   -0.081   -0.060    1.262
    1.836    1.848    5.630    6.013    6.017    7.176    7.194   12.778   13.582   14.133
   14.669   15.441   15.612   16.253
            0.635079 -1.110059  0.066929
  -80.252  -46.386  -46.386  -46.346  -10.129  -10.113   -0.378   -0.086   -0.058    1.262
    1.836    1.847    5.631    6.013    6.017    7.174    7.196   12.787   13.553   14.189
   14.661   15.402   15.620   16.248
            0.632172 -1.108381  0.089238
  -80.252  -46.386  -46.386  -46.346  -10.128  -10.114   -0.375   -0.090   -0.056    1.262
    1.835    1.846    5.631    6.014    6.017    7.172    7.197   12.796   13.524   14.250
   14.649   15.365   15.628   16.243
            0.629265 -1.106702  0.111548
  -80.252  -46.386  -46.386  -46.346  -10.127  -10.115   -0.374   -0.094   -0.055    1.262
    1.835    1.846    5.631    6.014    6.016    7.170    7.198   12.804   13.499   14.310
   14.630   15.333   15.634   16.240
            0.626359 -1.105024  0.133857
  -80.252  -46.386  -46.386  -46.346  -10.126  -10.115   -0.372   -0.096   -0.054    1.262
    1.834    1.846    5.631    6.015    6.016    7.169    7.199   12.811   13.480   14.362
   14.609   15.309   15.639   16.237
            0.623452 -1.103346  0.156167
  -80.252  -46.386  -46.386  -46.346  -10.126  -10.116   -0.372   -0.097   -0.053    1.262
    1.834    1.846    5.631    6.015    6.016    7.169    7.200   12.814   13.471   14.395
   14.592   15.296   15.641   16.236
            0.620545 -1.101668  0.178476
  -80.252  -46.386  -46.386  -46.346  -10.126  -10.116   -0.372   -0.097   -0.053    1.262
    1.834    1.846    5.631    6.015    6.016    7.169    7.200   12.814   13.471   14.395
   14.592   15.296   15.641   16.236
            0.617638 -1.099989  0.200786
  -80.252  -46.386  -46.386  -46.346  -10.126  -10.115   -0.372   -0.096   -0.054    1.262
    1.834    1.846    5.631    6.015    6.016    7.169    7.199   12.811   13.480   14.362
   14.609   15.309   15.639   16.237
            0.614731 -1.098311  0.223095
  -80.252  -46.386  -46.386  -46.346  -10.127  -10.115   -0.374   -0.094   -0.055    1.262
    1.835    1.846    5.631    6.014    6.016    7.170    7.198   12.804   13.499   14.310
   14.630   15.333   15.634   16.240
            0.611825 -1.096633  0.245405
  -80.252  -46.386  -46.386  -46.346  -10.128  -10.114   -0.375   -0.090   -0.056    1.262
    1.835    1.846    5.631    6.014    6.017    7.172    7.197   12.796   13.524   14.250
   14.649   15.365   15.628   16.243
            0.608918 -1.094954  0.267714
  -80.252  -46.386  -46.386  -46.346  -10.129  -10.113   -0.378   -0.086   -0.058    1.262
    1.836    1.847    5.631    6.013    6.017    7.174    7.196   12.787   13.553   14.189
   14.661   15.402   15.620   16.248
            0.606011 -1.093276  0.290024
  -80.252  -46.386  -46.386  -46.346  -10.129  -10.113   -0.380   -0.081   -0.060    1.262
    1.836    1.848    5.630    6.013    6.017    7.176    7.194   12.778   13.582   14.133
   14.669   15.441   15.612   16.253
            0.603104 -1.091598  0.312333
  -80.252  -46.386  -46.386  -46.346  -10.131  -10.112   -0.384   -0.076   -0.062    1.262
    1.836    1.849    5.630    6.012    6.017    7.179    7.192   12.770   13.605   14.088
   14.671   15.475   15.606   16.258
            0.600197 -1.089920  0.334643
  -80.252  -46.387  -46.386  -46.346  -10.132  -10.111   -0.387   -0.071   -0.063    1.262
    1.835    1.851    5.630    6.012    6.017    7.182    7.189   12.764   13.614   14.062
   14.670   15.497   15.608   16.264
            0.560184 -1.089920  0.334643
  -80.252  -46.387  -46.385  -46.346  -10.147  -10.101   -0.449   -0.063    0.002    1.264
    1.830    1.874    5.628    6.004    6.017    7.168    7.217   12.679   13.649   13.865
   14.615   15.674   15.728   16.292
            0.520171 -1.089920  0.334643
  -80.252  -46.387  -46.385  -46.346  -10.163  -10.094   -0.524   -0.065    0.104    1.269
    1.832    1.892    5.624    5.993    6.013    7.154    7.253   12.564   13.668   13.717
   14.540   15.833   15.859   16.237
            0.480158 -1.089920  0.334643
  -80.252  -46.388  -46.384  -46.346  -10.179  -10.090   -0.603   -0.070    0.224    1.277
    1.842    1.904    5.618    5.982    6.006    7.148    7.290   12.428   13.469   13.808
   14.455   15.871   16.000   16.233
            0.440145 -1.089920  0.334643
  -80.252  -46.388  -46.384  -46.346  -10.195  -10.089   -0.680   -0.078    0.356    1.289
    1.856    1.912    5.607    5.970    5.998    7.150    7.328   12.280   13.271   13.909
   14.371   15.732   16.147   16.380
            0.400131 -1.089920  0.334643
  -80.252  -46.389  -46.383  -46.346  -10.210  -10.090   -0.753   -0.088    0.496    1.304
    1.874    1.916    5.590    5.958    5.990    7.161    7.364   12.125   13.074   13.993
   14.318   15.539   16.298   16.575
            0.360118 -1.089920  0.334643
  -80.252  -46.389  -46.383  -46.346  -10.224  -10.093   -0.821   -0.099    0.641    1.321
    1.892    1.916    5.565    5.947    5.984    7.181    7.399   11.967   12.878   14.009
   14.348   15.341   16.449   16.781
            0.320105 -1.089920  0.334643
  -80.252  -46.389  -46.382  -46.346  -10.238  -10.097   -0.883   -0.111    0.789    1.341
    1.911    1.912    5.533    5.936    5.981    7.208    7.432   11.812   12.687   13.961
   14.458   15.153   16.597   16.990
            0.280092 -1.089920  0.334643
  -80.252  -46.389  -46.382  -46.346  -10.250  -10.102   -0.940   -0.124    0.936    1.361
    1.905    1.928    5.495    5.927    5.979    7.241    7.461   11.662   12.501   13.895
   14.601   14.981   16.735   17.195
            0.240079 -1.089920  0.334643
  -80.252  -46.390  -46.381  -46.346  -10.261  -10.106   -0.989   -0.136    1.079    1.382
    1.895    1.943    5.452    5.919    5.979    7.279    7.487   11.524   12.326   13.830
   14.753   14.830   16.859   17.391
            0.200066 -1.089920  0.334643
  -80.252  -46.390  -46.381  -46.346  -10.271  -10.111   -1.031   -0.147    1.214    1.402
    1.882    1.955    5.408    5.913    5.981    7.319    7.509   11.400   12.166   13.773
   14.702   14.905   16.964   17.574
            0.160053 -1.089920  0.334643
  -80.252  -46.390  -46.380  -46.346  -10.279  -10.116   -1.067   -0.157    1.339    1.421
    1.865    1.964    5.365    5.908    5.983    7.359    7.527   11.295   12.024   13.726
   14.596   15.049   17.044   17.736
            0.120039 -1.089920  0.334643
  -80.252  -46.390  -46.380  -46.346  -10.285  -10.119   -1.094   -0.165    1.437    1.451
    1.843    1.970    5.326    5.904    5.986    7.394    7.542   11.209   11.907   13.689
   14.514   15.176   17.099   17.869
            0.080026 -1.089920  0.334643
  -80.252  -46.390  -46.380  -46.346  -10.290  -10.122   -1.114   -0.171    1.449    1.545
    1.817    1.974    5.295    5.902    5.988    7.422    7.552   11.147   11.820   13.663
   14.456   15.277   17.131   17.968
            0.040013 -1.089920  0.334643
  -80.252  -46.390  -46.380  -46.346  -10.293  -10.124   -1.126   -0.174    1.457    1.617
    1.787    1.977    5.276    5.901    5.989    7.440    7.558   11.109   11.765   13.647
   14.421   15.342   17.146   18.028
            0.000000 -1.089920  0.334643
  -80.252  -46.390  -46.380  -46.346  -10.294  -10.124   -1.130   -0.176    1.460    1.648
    1.769    1.977    5.269    5.900    5.990    7.446    7.559   11.096   11.747   13.641
   14.409   15.365   17.150   18.048
