 &plot nbnd=  32, nks=   151 /
            0.000000  0.000000  0.000000
  -87.749  -53.866  -53.866  -53.852  -18.964  -17.735   -7.817   -6.328   -6.328   -4.850
   -4.403   -4.403   -2.135   -2.135   -1.543   -0.010   -0.010    2.641    3.154    3.515
    3.877    4.671    4.691    6.327    7.086    7.086    7.189    9.104    9.692    9.692
   10.453   10.909
            0.000000  0.011821  0.000000
  -87.749  -53.866  -53.866  -53.852  -18.963  -17.735   -7.816   -6.331   -6.328   -4.847
   -4.409   -4.405   -2.134   -2.134   -1.543   -0.013   -0.011    2.644    3.156    3.517
    3.882    4.673    4.694    6.328    7.083    7.089    7.190    9.106    9.683    9.693
   10.457   10.901
            0.000000  0.023642  0.000000
  -87.749  -53.866  -53.866  -53.852  -18.961  -17.734   -7.813   -6.341   -6.327   -4.841
   -4.427   -4.411   -2.131   -2.129   -1.541   -0.021   -0.013    2.653    3.161    3.523
    3.900    4.678    4.702    6.331    7.074    7.100    7.193    9.112    9.657    9.697
   10.471   10.880
            0.000000  0.035462  0.000000
  -87.749  -53.867  -53.866  -53.852  -18.956  -17.733   -7.809   -6.356   -6.327   -4.830
   -4.455   -4.422   -2.127   -2.120   -1.537   -0.035   -0.016    2.666    3.170    3.534
    3.928    4.685    4.715    6.337    7.059    7.116    7.199    9.120    9.615    9.702
   10.491   10.844
            0.000000  0.047283  0.000000
  -87.749  -53.867  -53.866  -53.852  -18.950  -17.731   -7.803   -6.377   -6.325   -4.815
   -4.495   -4.435   -2.120   -2.108   -1.533   -0.054   -0.021    2.686    3.181    3.549
    3.967    4.696    4.735    6.344    7.039    7.140    7.207    9.132    9.561    9.710
   10.515   10.794
            0.000000  0.059104  0.000000
  -87.749  -53.867  -53.866  -53.852  -18.943  -17.729   -7.795   -6.403   -6.324   -4.798
   -4.544   -4.453   -2.113   -2.094   -1.527   -0.077   -0.028    2.710    3.196    3.567
    4.017    4.710    4.759    6.352    7.014    7.170    7.218    9.148    9.498    9.720
   10.539   10.732
            0.000000  0.070925  0.000000
  -87.749  -53.867  -53.867  -53.852  -18.933  -17.726   -7.785   -6.434   -6.322   -4.778
   -4.602   -4.474   -2.105   -2.077   -1.520   -0.104   -0.035    2.739    3.214    3.590
    4.075    4.728    4.789    6.360    6.988    7.206    7.231    9.166    9.428    9.732
   10.561   10.661
            0.000000  0.082746  0.000000
  -87.749  -53.867  -53.867  -53.852  -18.922  -17.723   -7.774   -6.469   -6.320   -4.757
   -4.667   -4.498   -2.097   -2.057   -1.512   -0.135   -0.044    2.773    3.236    3.617
    4.142    4.748    4.824    6.368    6.961    7.246    7.248    9.187    9.353    9.746
   10.551   10.607
            0.000000  0.094566  0.000000
  -87.749  -53.867  -53.867  -53.852  -18.910  -17.720   -7.762   -6.507   -6.317   -4.753
   -4.722   -4.525   -2.090   -2.035   -1.503   -0.168   -0.053    2.811    3.260    3.648
    4.217    4.771    4.864    6.374    6.936    7.264    7.296    9.209    9.277    9.761
   10.469   10.612
            0.000000  0.106387  0.000000
  -87.749  -53.868  -53.867  -53.852  -18.896  -17.716   -7.748   -6.549   -6.315   -4.826
   -4.706   -4.555   -2.083   -2.011   -1.493   -0.202   -0.063    2.854    3.287    3.683
    4.297    4.798    4.909    6.376    6.916    7.284    7.349    9.186    9.247    9.778
   10.370   10.620
            0.000000  0.118208  0.000000
  -87.749  -53.868  -53.867  -53.852  -18.880  -17.711   -7.732   -6.592   -6.311   -4.911
   -4.683   -4.587   -2.077   -1.986   -1.482   -0.237   -0.074    2.900    3.317    3.722
    4.382    4.828    4.959    6.373    6.904    7.306    7.408    9.108    9.272    9.796
   10.264   10.622
            0.000000  0.130029  0.000000
  -87.749  -53.868  -53.867  -53.852  -18.863  -17.706   -7.715   -6.638   -6.308   -5.000
   -4.660   -4.620   -2.071   -1.960   -1.471   -0.273   -0.085    2.950    3.350    3.765
    4.470    4.861    5.013    6.364    6.901    7.329    7.471    9.028    9.302    9.815
   10.155   10.613
            0.000000  0.141849  0.000000
  -87.749  -53.868  -53.867  -53.852  -18.844  -17.701   -7.697   -6.686   -6.304   -5.094
   -4.656   -4.639   -2.067   -1.933   -1.460   -0.308   -0.097    3.002    3.386    3.811
    4.558    4.898    5.070    6.350    6.908    7.355    7.539    8.949    9.334    9.835
   10.045   10.593
            0.000000  0.153670  0.000000
  -87.749  -53.869  -53.867  -53.852  -18.824  -17.695   -7.678   -6.734   -6.301   -5.191
   -4.693   -4.619   -2.064   -1.906   -1.448   -0.342   -0.108    3.058    3.424    3.861
    4.645    4.939    5.132    6.333    6.926    7.383    7.610    8.872    9.364    9.855
    9.939   10.560
            0.000000  0.165491  0.000000
  -87.749  -53.869  -53.867  -53.852  -18.802  -17.690   -7.658   -6.784   -6.296   -5.289
   -4.732   -4.602   -2.063   -1.878   -1.437   -0.374   -0.120    3.117    3.465    3.914
    4.726    4.985    5.196    6.316    6.951    7.414    7.684    8.800    9.389    9.840
    9.875   10.516
            0.000000  0.177312  0.000000
  -87.749  -53.870  -53.867  -53.852  -18.779  -17.684   -7.638   -6.835   -6.292   -5.389
   -4.772   -4.587   -2.062   -1.851   -1.425   -0.403   -0.131    3.178    3.508    3.970
    4.799    5.037    5.262    6.303    6.984    7.446    7.760    8.732    9.401    9.759
    9.895   10.462
            0.000000  0.189133  0.000000
  -87.749  -53.870  -53.867  -53.852  -18.755  -17.677   -7.617   -6.886   -6.287   -5.488
   -4.812   -4.576   -2.063   -1.824   -1.415   -0.430   -0.141    3.241    3.554    4.030
    4.861    5.095    5.330    6.297    7.020    7.482    7.837    8.671    9.384    9.711
    9.915   10.400
            0.000000  0.200953  0.000000
  -87.749  -53.870  -53.867  -53.852  -18.729  -17.671   -7.596   -6.938   -6.282   -5.587
   -4.853   -4.568   -2.064   -1.798   -1.405   -0.453   -0.151    3.306    3.602    4.092
    4.909    5.156    5.399    6.304    7.058    7.521    7.915    8.617    9.332    9.705
    9.936   10.333
            0.000000  0.212774  0.000000
  -87.749  -53.871  -53.867  -53.852  -18.702  -17.664   -7.576   -6.990   -6.277   -5.685
   -4.894   -4.563   -2.067   -1.773   -1.395   -0.472   -0.160    3.372    3.652    4.158
    4.945    5.218    5.469    6.324    7.095    7.564    7.993    8.573    9.257    9.727
    9.958   10.263
            0.000000  0.224595  0.000000
  -87.749  -53.871  -53.868  -53.852  -18.674  -17.657   -7.556   -7.042   -6.271   -5.780
   -4.936   -4.563   -2.070   -1.749   -1.387   -0.488   -0.168    3.440    3.704    4.226
    4.968    5.279    5.539    6.358    7.131    7.612    8.068    8.540    9.174    9.763
    9.981   10.193
            0.000000  0.236416  0.000000
  -87.749  -53.872  -53.868  -53.851  -18.645  -17.650   -7.538   -7.093   -6.266   -5.872
   -4.978   -4.566   -2.074   -1.726   -1.380   -0.499   -0.175    3.509    3.758    4.297
    4.980    5.339    5.609    6.407    7.164    7.666    8.140    8.520    9.091    9.802
   10.007   10.129
            0.000000  0.248237  0.000000
  -87.749  -53.872  -53.868  -53.851  -18.615  -17.644   -7.522   -7.145   -6.260   -5.960
   -5.019   -4.573   -2.079   -1.705   -1.373   -0.506   -0.181    3.578    3.814    4.370
    4.982    5.398    5.677    6.467    7.195    7.723    8.206    8.513    9.011    9.830
   10.038   10.083
            0.000000  0.260057  0.000000
  -87.748  -53.873  -53.868  -53.851  -18.585  -17.637   -7.510   -7.195   -6.254   -6.042
   -5.061   -4.584   -2.084   -1.685   -1.368   -0.508   -0.185    3.645    3.873    4.446
    4.977    5.457    5.740    6.534    7.224    7.784    8.267    8.521    8.936    9.828
   10.074   10.074
            0.000000  0.271878  0.000000
  -87.748  -53.873  -53.868  -53.851  -18.553  -17.630   -7.503   -7.244   -6.248   -6.117
   -5.102   -4.600   -2.090   -1.667   -1.364   -0.506   -0.188    3.711    3.934    4.524
    4.968    5.516    5.798    6.606    7.257    7.847    8.319    8.545    8.869    9.792
   10.106   10.118
            0.000000  0.283699  0.000000
  -87.748  -53.874  -53.868  -53.851  -18.520  -17.624   -7.504   -7.288   -6.241   -6.185
   -5.143   -4.619   -2.096   -1.651   -1.362   -0.500   -0.190    3.773    3.999    4.602
    4.957    5.575    5.848    6.679    7.294    7.909    8.363    8.581    8.812    9.741
   10.162   10.171
            0.000000  0.295520  0.000000
  -87.748  -53.874  -53.868  -53.851  -18.487  -17.617   -7.517   -7.325   -6.244   -6.235
   -5.183   -4.641   -2.103   -1.636   -1.360   -0.490   -0.190    3.829    4.068    4.681
    4.951    5.632    5.891    6.750    7.338    7.969    8.397    8.622    8.773    9.687
   10.229   10.234
            0.000000  0.307341  0.000000
  -87.748  -53.874  -53.868  -53.851  -18.454  -17.611   -7.545   -7.354   -6.293   -6.228
   -5.222   -4.667   -2.109   -1.623   -1.360   -0.476   -0.189    3.877    4.142    4.757
    4.952    5.685    5.927    6.820    7.389    8.029    8.422    8.632    8.785    9.639
   10.304   10.307
            0.000000  0.319161  0.000000
  -87.748  -53.875  -53.869  -53.851  -18.420  -17.605   -7.586   -7.374   -6.332   -6.221
   -5.261   -4.697   -2.116   -1.612   -1.361   -0.459   -0.187    3.916    4.220    4.824
    4.971    5.730    5.961    6.888    7.445    8.089    8.437    8.601    8.855    9.598
   10.382   10.391
            0.000000  0.330982  0.000000
  -87.748  -53.875  -53.869  -53.851  -18.385  -17.600   -7.638   -7.389   -6.361   -6.214
   -5.300   -4.729   -2.123   -1.602   -1.363   -0.438   -0.184    3.944    4.304    4.873
    5.017    5.761    5.999    6.956    7.505    8.151    8.443    8.557    8.950    9.568
   10.463   10.484
            0.000000  0.342803  0.000000
  -87.748  -53.876  -53.869  -53.851  -18.350  -17.595   -7.696   -7.404   -6.379   -6.206
   -5.337   -4.764   -2.130   -1.594   -1.365   -0.415   -0.179    3.964    4.391    4.907
    5.086    5.776    6.047    7.023    7.566    8.218    8.442    8.509    9.058    9.549
   10.546   10.587
            0.000000  0.354624  0.000000
  -87.748  -53.876  -53.869  -53.851  -18.316  -17.590   -7.757   -7.420   -6.387   -6.199
   -5.373   -4.801   -2.137   -1.587   -1.369   -0.390   -0.174    3.974    4.482    4.938
    5.165    5.778    6.105    7.089    7.626    8.287    8.434    8.460    9.173    9.543
   10.626   10.696
            0.000000  0.366444  0.000000
  -87.748  -53.877  -53.869  -53.851  -18.281  -17.586   -7.821   -7.437   -6.387   -6.191
   -5.409   -4.840   -2.144   -1.582   -1.374   -0.362   -0.167    3.976    4.575    4.969
    5.247    5.775    6.171    7.153    7.687    8.349    8.420    8.421    9.292    9.550
   10.702   10.813
            0.000000  0.378265  0.000000
  -87.748  -53.877  -53.869  -53.851  -18.246  -17.582   -7.887   -7.454   -6.379   -6.183
   -5.443   -4.881   -2.151   -1.578   -1.380   -0.333   -0.161    3.973    4.669    5.002
    5.325    5.777    6.241    7.213    7.751    8.334    8.403    8.459    9.413    9.567
   10.767   10.934
            0.000000  0.390086  0.000000
  -87.748  -53.878  -53.869  -53.851  -18.211  -17.580   -7.952   -7.473   -6.365   -6.175
   -5.477   -4.924   -2.158   -1.574   -1.386   -0.303   -0.153    3.966    4.762    5.034
    5.395    5.793    6.314    7.267    7.818    8.284    8.382    8.532    9.530    9.595
   10.806   11.058
            0.000000  0.401907  0.000000
  -87.748  -53.878  -53.869  -53.850  -18.176  -17.577   -8.018   -7.492   -6.344   -6.167
   -5.509   -4.967   -2.165   -1.572   -1.393   -0.273   -0.145    3.956    4.850    5.065
    5.456    5.831    6.390    7.313    7.891    8.235    8.359    8.604    9.622    9.652
   10.786   10.995
            0.000000  0.413728  0.000000
  -87.748  -53.878  -53.869  -53.850  -18.142  -17.576   -8.082   -7.510   -6.320   -6.159
   -5.540   -5.012   -2.171   -1.571   -1.400   -0.242   -0.137    3.945    4.919    5.103
    5.509    5.893    6.467    7.351    7.967    8.192    8.335    8.668    9.666    9.750
   10.667   10.878
            0.000000  0.425548  0.000000
  -87.748  -53.879  -53.870  -53.850  -18.109  -17.576   -8.144   -7.529   -6.291   -6.150
   -5.570   -5.057   -2.178   -1.570   -1.408   -0.211   -0.129    3.934    4.952    5.165
    5.562    5.974    6.545    7.380    8.035    8.172    8.310    8.720    9.708    9.836
   10.496   10.781
            0.000000  0.437369  0.000000
  -87.748  -53.879  -53.870  -53.850  -18.076  -17.576   -8.205   -7.546   -6.259   -6.142
   -5.599   -5.102   -2.184   -1.570   -1.416   -0.181   -0.121    3.923    4.949    5.251
    5.618    6.068    6.625    7.398    8.062    8.209    8.284    8.759    9.738    9.897
   10.324   10.692
            0.000000  0.449190  0.000000
  -87.748  -53.879  -53.870  -53.850  -18.044  -17.577   -8.262   -7.563   -6.225   -6.133
   -5.627   -5.148   -2.190   -1.570   -1.424   -0.151   -0.113    3.914    4.925    5.347
    5.680    6.171    6.706    7.406    8.059    8.259    8.294    8.782    9.738    9.918
   10.184   10.624
            0.000000  0.461011  0.000000
  -87.748  -53.880  -53.870  -53.850  -18.012  -17.579   -8.316   -7.579   -6.190   -6.124
   -5.653   -5.193   -2.195   -1.571   -1.432   -0.123   -0.105    3.906    4.889    5.448
    5.746    6.279    6.789    7.403    8.057    8.235    8.394    8.792    9.684    9.856
   10.135   10.577
            0.000000  0.472832  0.000000
  -87.748  -53.880  -53.870  -53.850  -17.982  -17.582   -8.367   -7.593   -6.153   -6.116
   -5.678   -5.238   -2.201   -1.572   -1.440   -0.097   -0.096    3.901    4.848    5.548
    5.815    6.390    6.874    7.392    8.062    8.212    8.495    8.792    9.577    9.729
   10.170   10.528
            0.000000  0.484652  0.000000
  -87.748  -53.880  -53.870  -53.850  -17.953  -17.586   -8.414   -7.606   -6.115   -6.107
   -5.701   -5.283   -2.205   -1.573   -1.448   -0.090   -0.070    3.897    4.804    5.646
    5.886    6.502    6.961    7.377    8.073    8.190    8.587    8.798    9.441    9.584
   10.230   10.457
            0.000000  0.496473  0.000000
  -87.748  -53.881  -53.870  -53.850  -17.925  -17.591   -8.457   -7.618   -6.098   -6.076
   -5.723   -5.327   -2.210   -1.574   -1.456   -0.084   -0.047    3.896    4.760    5.740
    5.958    6.613    7.049    7.363    8.083    8.170    8.640    8.839    9.297    9.433
   10.284   10.370
            0.000000  0.508294  0.000000
  -87.748  -53.881  -53.870  -53.850  -17.899  -17.597   -8.495   -7.629   -6.089   -6.037
   -5.743   -5.371   -2.214   -1.575   -1.463   -0.078   -0.025    3.896    4.717    5.827
    6.029    6.722    7.135    7.360    8.085    8.152    8.647    8.924    9.163    9.281
   10.230   10.365
            0.000000  0.520115  0.000000
  -87.748  -53.881  -53.870  -53.850  -17.875  -17.603   -8.528   -7.638   -6.081   -5.999
   -5.761   -5.413   -2.218   -1.576   -1.469   -0.072   -0.007    3.898    4.677    5.906
    6.096    6.826    7.209    7.380    8.072    8.136    8.628    8.984    9.089    9.138
   10.116   10.382
            0.000000  0.531935  0.000000
  -87.748  -53.881  -53.870  -53.850  -17.852  -17.610   -8.557   -7.645   -6.073   -5.962
   -5.778   -5.454   -2.221   -1.577   -1.475   -0.068    0.010    3.901    4.640    5.977
    6.158    6.922    7.261    7.438    8.046    8.122    8.583    8.906    9.019    9.186
    9.996   10.357
            0.000000  0.543756  0.000000
  -87.748  -53.881  -53.870  -53.850  -17.832  -17.618   -8.581   -7.652   -6.066   -5.926
   -5.792   -5.492   -2.223   -1.578   -1.479   -0.064    0.023    3.905    4.609    6.038
    6.209    7.007    7.299    7.524    8.012    8.110    8.503    8.779    8.989    9.306
    9.878   10.290
            0.000000  0.555577  0.000000
  -87.748  -53.881  -53.870  -53.850  -17.815  -17.625   -8.599   -7.656   -6.061   -5.892
   -5.803   -5.527   -2.225   -1.578   -1.483   -0.061    0.034    3.909    4.583    6.089
    6.247    7.081    7.332    7.619    7.986    8.101    8.405    8.637    9.018    9.428
    9.769   10.197
            0.000000  0.567398  0.000000
  -87.748  -53.881  -53.870  -53.850  -17.802  -17.631   -8.613   -7.660   -6.056   -5.864
   -5.811   -5.556   -2.227   -1.579   -1.486   -0.059    0.041    3.912    4.564    6.130
    6.271    7.146    7.354    7.706    7.983    8.095    8.313    8.500    9.071    9.532
    9.691   10.088
            0.000000  0.579219  0.000000
  -87.748  -53.881  -53.870  -53.850  -17.794  -17.635   -8.621   -7.662   -6.053   -5.844
   -5.817   -5.577   -2.228   -1.579   -1.487   -0.058    0.046    3.914    4.552    6.156
    6.282    7.197    7.357    7.772    8.001    8.091    8.256    8.378    9.124    9.539
    9.733    9.970
            0.000000  0.591039  0.000000
  -87.748  -53.882  -53.870  -53.850  -17.791  -17.636   -8.624   -7.663   -6.052   -5.837
   -5.818   -5.584   -2.228   -1.579   -1.488   -0.057    0.048    3.915    4.548    6.166
    6.286    7.220    7.353    7.800    8.011    8.090    8.261    8.305    9.148    9.516
    9.841    9.855
           -0.006825  0.591039  0.000000
  -87.748  -53.882  -53.870  -53.850  -17.791  -17.636   -8.623   -7.663   -6.052   -5.847
   -5.810   -5.584   -2.227   -1.579   -1.488   -0.058    0.047    3.916    4.550    6.167
    6.286    7.220    7.353    7.799    8.012    8.089    8.261    8.305    9.149    9.516
    9.841    9.855
           -0.013649  0.591039  0.000000
  -87.748  -53.881  -53.870  -53.850  -17.790  -17.636   -8.622   -7.662   -6.053   -5.864
   -5.797   -5.585   -2.225   -1.579   -1.488   -0.060    0.047    3.920    4.556    6.169
    6.288    7.218    7.355    7.799    8.014    8.089    8.263    8.306    9.153    9.515
    9.843    9.854
           -0.020474  0.591039  0.000000
  -87.748  -53.881  -53.870  -53.850  -17.790  -17.636   -8.620   -7.662   -6.054   -5.884
   -5.785   -5.585   -2.222   -1.579   -1.488   -0.063    0.046    3.927    4.566    6.173
    6.290    7.215    7.358    7.798    8.016    8.088    8.265    8.308    9.159    9.512
    9.845    9.853
           -0.027299  0.591039  0.000000
  -87.748  -53.881  -53.870  -53.850  -17.789  -17.635   -8.617   -7.661   -6.056   -5.905
   -5.773   -5.586   -2.217   -1.579   -1.489   -0.067    0.045    3.936    4.580    6.179
    6.294    7.211    7.363    7.797    8.020    8.086    8.268    8.311    9.168    9.509
    9.848    9.852
           -0.034124  0.591039  0.000000
  -87.748  -53.881  -53.870  -53.850  -17.788  -17.635   -8.614   -7.660   -6.058   -5.928
   -5.763   -5.586   -2.211   -1.578   -1.489   -0.073    0.044    3.948    4.598    6.186
    6.299    7.205    7.369    7.795    8.025    8.085    8.272    8.314    9.179    9.505
    9.850    9.852
           -0.040948  0.591039  0.000000
  -87.748  -53.881  -53.870  -53.850  -17.787  -17.634   -8.609   -7.659   -6.061   -5.953
   -5.753   -5.587   -2.204   -1.578   -1.490   -0.080    0.042    3.962    4.619    6.195
    6.305    7.198    7.376    7.793    8.031    8.085    8.278    8.318    9.192    9.500
    9.847    9.857
           -0.047773  0.591039  0.000000
  -87.748  -53.881  -53.870  -53.850  -17.786  -17.633   -8.604   -7.658   -6.064   -5.979
   -5.744   -5.589   -2.195   -1.577   -1.491   -0.088    0.040    3.979    4.644    6.206
    6.312    7.190    7.384    7.791    8.039    8.085    8.284    8.322    9.207    9.494
    9.844    9.863
           -0.054598  0.591039  0.000000
  -87.748  -53.881  -53.870  -53.850  -17.785  -17.632   -8.598   -7.656   -6.067   -6.008
   -5.736   -5.590   -2.186   -1.576   -1.491   -0.096    0.037    3.999    4.672    6.218
    6.320    7.179    7.393    7.789    8.047    8.086    8.290    8.327    9.223    9.486
    9.841    9.870
           -0.061423  0.591039  0.000000
  -87.748  -53.881  -53.871  -53.850  -17.783  -17.631   -8.591   -7.654   -6.071   -6.038
   -5.728   -5.592   -2.175   -1.575   -1.492   -0.106    0.035    4.020    4.704    6.232
    6.330    7.167    7.404    7.787    8.057    8.089    8.298    8.332    9.241    9.477
    9.837    9.877
           -0.068247  0.591039  0.000000
  -87.748  -53.881  -53.871  -53.850  -17.782  -17.630   -8.584   -7.652   -6.076   -6.070
   -5.722   -5.594   -2.164   -1.574   -1.493   -0.117    0.031    4.044    4.739    6.248
    6.340    7.153    7.416    7.786    8.067    8.093    8.306    8.338    9.261    9.466
    9.832    9.885
           -0.075072  0.591039  0.000000
  -87.748  -53.881  -53.871  -53.850  -17.780  -17.629   -8.576   -7.650   -6.103   -6.080
   -5.715   -5.596   -2.151   -1.573   -1.494   -0.128    0.028    4.071    4.777    6.266
    6.352    7.137    7.430    7.785    8.079    8.098    8.315    8.344    9.281    9.454
    9.827    9.894
           -0.081897  0.591039  0.000000
  -87.748  -53.881  -53.871  -53.850  -17.778  -17.628   -8.567   -7.648   -6.138   -6.085
   -5.709   -5.598   -2.138   -1.572   -1.495   -0.139    0.024    4.100    4.817    6.285
    6.364    7.119    7.444    7.785    8.092    8.105    8.325    8.350    9.303    9.440
    9.821    9.904
           -0.088722  0.591039  0.000000
  -87.748  -53.881  -53.871  -53.850  -17.775  -17.626   -8.557   -7.646   -6.174   -6.090
   -5.703   -5.601   -2.125   -1.570   -1.496   -0.152    0.020    4.130    4.861    6.306
    6.378    7.099    7.461    7.786    8.106    8.113    8.335    8.357    9.325    9.425
    9.815    9.915
           -0.095546  0.591039  0.000000
  -87.748  -53.881  -53.871  -53.850  -17.773  -17.625   -8.546   -7.643   -6.212   -6.096
   -5.698   -5.603   -2.111   -1.569   -1.497   -0.164    0.016    4.163    4.907    6.328
    6.393    7.076    7.478    7.788    8.121    8.123    8.346    8.364    9.348    9.407
    9.808    9.926
           -0.102371  0.591039  0.000000
  -87.748  -53.881  -53.871  -53.850  -17.770  -17.623   -8.535   -7.641   -6.251   -6.101
   -5.693   -5.607   -2.097   -1.567   -1.498   -0.177    0.011    4.198    4.955    6.353
    6.409    7.052    7.497    7.791    8.135    8.137    8.357    8.371    9.371    9.387
    9.801    9.938
           -0.109196  0.591039  0.000000
  -87.748  -53.881  -53.871  -53.850  -17.768  -17.622   -8.523   -7.638   -6.292   -6.107
   -5.689   -5.610   -2.082   -1.565   -1.499   -0.190    0.006    4.235    5.005    6.379
    6.426    7.027    7.517    7.795    8.148    8.154    8.368    8.379    9.366    9.394
    9.794    9.951
           -0.116021  0.591039  0.000000
  -87.748  -53.881  -53.871  -53.850  -17.765  -17.620   -8.510   -7.635   -6.333   -6.113
   -5.684   -5.614   -2.068   -1.563   -1.500   -0.203    0.000    4.273    5.057    6.406
    6.445    6.999    7.538    7.801    8.163    8.172    8.379    8.387    9.343    9.418
    9.787    9.964
           -0.122845  0.591039  0.000000
  -87.748  -53.881  -53.871  -53.850  -17.762  -17.618   -8.497   -7.632   -6.376   -6.119
   -5.680   -5.618   -2.053   -1.561   -1.501   -0.216   -0.006    4.313    5.110    6.436
    6.465    6.971    7.561    7.808    8.179    8.192    8.389    8.394    9.318    9.440
    9.780    9.977
           -0.129670  0.591039  0.000000
  -87.748  -53.881  -53.872  -53.850  -17.759  -17.617   -8.483   -7.629   -6.419   -6.125
   -5.676   -5.622   -2.039   -1.559   -1.501   -0.229   -0.012    4.355    5.165    6.467
    6.485    6.941    7.585    7.816    8.196    8.212    8.398    8.402    9.292    9.463
    9.774    9.991
           -0.136495  0.591039  0.000000
  -87.748  -53.881  -53.872  -53.850  -17.755  -17.615   -8.468   -7.626   -6.463   -6.132
   -5.672   -5.626   -2.024   -1.557   -1.502   -0.242   -0.018    4.397    5.221    6.500
    6.508    6.911    7.611    7.825    8.215    8.234    8.407    8.410    9.266    9.483
    9.770   10.005
           -0.143319  0.591039  0.000000
  -87.748  -53.881  -53.872  -53.850  -17.752  -17.613   -8.452   -7.623   -6.508   -6.138
   -5.669   -5.631   -2.010   -1.554   -1.502   -0.254   -0.025    4.441    5.279    6.531
    6.535    6.880    7.638    7.835    8.234    8.257    8.413    8.418    9.239    9.502
    9.768   10.019
           -0.150144  0.591039  0.000000
  -87.748  -53.881  -53.872  -53.850  -17.748  -17.612   -8.436   -7.619   -6.554   -6.144
   -5.665   -5.636   -1.996   -1.551   -1.503   -0.267   -0.032    4.486    5.336    6.555
    6.571    6.848    7.666    7.846    8.256    8.280    8.418    8.427    9.213    9.519
    9.770   10.033
           -0.156969  0.591039  0.000000
  -87.748  -53.880  -53.872  -53.850  -17.745  -17.610   -8.419   -7.616   -6.600   -6.151
   -5.662   -5.641   -1.983   -1.549   -1.503   -0.278   -0.040    4.532    5.395    6.580
    6.609    6.817    7.696    7.858    8.278    8.305    8.419    8.435    9.189    9.532
    9.775   10.047
           -0.163794  0.591039  0.000000
  -87.748  -53.880  -53.872  -53.850  -17.741  -17.608   -8.401   -7.613   -6.646   -6.157
   -5.659   -5.646   -1.970   -1.546   -1.503   -0.289   -0.047    4.578    5.454    6.606
    6.648    6.786    7.728    7.870    8.301    8.330    8.416    8.443    9.167    9.542
    9.784   10.060
           -0.170618  0.591039  0.000000
  -87.748  -53.880  -53.872  -53.850  -17.737  -17.606   -8.383   -7.610   -6.693   -6.163
   -5.656   -5.652   -1.958   -1.542   -1.503   -0.300   -0.055    4.625    5.513    6.632
    6.689    6.757    7.760    7.882    8.325    8.356    8.409    8.452    9.149    9.548
    9.799   10.072
           -0.177443  0.591039  0.000000
  -87.748  -53.880  -53.873  -53.850  -17.733  -17.605   -8.364   -7.607   -6.739   -6.170
   -5.657   -5.654   -1.947   -1.539   -1.502   -0.310   -0.064    4.672    5.572    6.656
    6.731    6.732    7.794    7.894    8.350    8.379    8.401    8.462    9.136    9.552
    9.817   10.082
           -0.184268  0.591039  0.000000
  -87.748  -53.880  -53.873  -53.850  -17.729  -17.603   -8.345   -7.604   -6.786   -6.176
   -5.662   -5.651   -1.936   -1.536   -1.502   -0.319   -0.072    4.719    5.631    6.664
    6.723    6.775    7.829    7.906    8.372    8.376    8.418    8.472    9.128    9.554
    9.839   10.091
           -0.191093  0.591039  0.000000
  -87.748  -53.880  -53.873  -53.850  -17.725  -17.602   -8.325   -7.601   -6.833   -6.182
   -5.668   -5.649   -1.926   -1.533   -1.501   -0.328   -0.081    4.766    5.689    6.647
    6.742    6.819    7.864    7.917    8.349    8.402    8.447    8.484    9.126    9.555
    9.864   10.096
           -0.197917  0.591039  0.000000
  -87.748  -53.880  -53.873  -53.850  -17.720  -17.601   -8.304   -7.598   -6.880   -6.188
   -5.673   -5.647   -1.917   -1.529   -1.500   -0.335   -0.091    4.812    5.748    6.622
    6.771    6.864    7.900    7.927    8.320    8.427    8.477    8.498    9.129    9.555
    9.891   10.098
           -0.204742  0.591039  0.000000
  -87.748  -53.880  -53.873  -53.850  -17.716  -17.599   -8.283   -7.595   -6.926   -6.194
   -5.679   -5.646   -1.908   -1.526   -1.498   -0.342   -0.100    4.858    5.806    6.596
    6.803    6.910    7.936    7.936    8.288    8.451    8.509    8.515    9.138    9.556
    9.920   10.096
           -0.211567  0.591039  0.000000
  -87.748  -53.880  -53.874  -53.850  -17.712  -17.598   -8.261   -7.593   -6.972   -6.199
   -5.684   -5.644   -1.900   -1.522   -1.497   -0.348   -0.109    4.903    5.863    6.570
    6.837    6.957    7.943    7.968    8.254    8.473    8.537    8.542    9.153    9.558
    9.950   10.087
           -0.218392  0.591039  0.000000
  -87.748  -53.880  -53.874  -53.850  -17.707  -17.597   -8.239   -7.590   -7.018   -6.205
   -5.689   -5.643   -1.893   -1.518   -1.495   -0.354   -0.119    4.947    5.919    6.546
    6.872    7.003    7.948    7.994    8.225    8.494    8.563    8.576    9.172    9.562
    9.982   10.073
           -0.225216  0.591039  0.000000
  -87.748  -53.879  -53.874  -53.850  -17.702  -17.597   -8.216   -7.588   -7.063   -6.210
   -5.694   -5.642   -1.887   -1.515   -1.493   -0.358   -0.129    4.990    5.975    6.523
    6.908    7.050    7.951    8.002    8.211    8.513    8.593    8.611    9.196    9.567
   10.014   10.051
           -0.232041  0.591039  0.000000
  -87.748  -53.879  -53.874  -53.850  -17.698  -17.596   -8.193   -7.586   -7.107   -6.215
   -5.698   -5.642   -1.882   -1.511   -1.490   -0.361   -0.139    5.031    6.030    6.502
    6.944    7.097    7.951    7.987    8.219    8.533    8.625    8.647    9.223    9.573
   10.023   10.045
           -0.238866  0.591039  0.000000
  -87.748  -53.879  -53.874  -53.850  -17.693  -17.595   -8.169   -7.584   -7.151   -6.220
   -5.702   -5.641   -1.877   -1.508   -1.488   -0.364   -0.149    5.070    6.084    6.483
    6.981    7.142    7.949    7.952    8.246    8.555    8.659    8.683    9.253    9.582
    9.990   10.077
           -0.245690  0.591039  0.000000
  -87.748  -53.879  -53.875  -53.850  -17.688  -17.595   -8.145   -7.582   -7.194   -6.225
   -5.706   -5.641   -1.873   -1.504   -1.486   -0.366   -0.160    5.107    6.137    6.467
    7.018    7.187    7.905    7.944    8.285    8.577    8.695    8.721    9.286    9.592
    9.951   10.107
           -0.252515  0.591039  0.000000
  -87.748  -53.879  -53.875  -53.850  -17.684  -17.595   -8.121   -7.581   -7.236   -6.229
   -5.709   -5.642   -1.870   -1.501   -1.483   -0.366   -0.170    5.141    6.189    6.453
    7.055    7.231    7.852    7.937    8.331    8.602    8.732    8.759    9.322    9.605
    9.909   10.134
           -0.259340  0.591039  0.000000
  -87.748  -53.879  -53.875  -53.850  -17.679  -17.595   -8.096   -7.580   -7.277   -6.234
   -5.712   -5.643   -1.867   -1.497   -1.481   -0.366   -0.180    5.174    6.239    6.442
    7.091    7.272    7.798    7.928    8.379    8.629    8.770    8.798    9.359    9.619
    9.864   10.154
           -0.266165  0.591039  0.000000
  -87.748  -53.879  -53.875  -53.850  -17.674  -17.596   -8.071   -7.579   -7.317   -6.238
   -5.714   -5.644   -1.864   -1.494   -1.479   -0.365   -0.191    5.203    6.288    6.433
    7.126    7.311    7.744    7.916    8.431    8.658    8.809    8.837    9.398    9.634
    9.818   10.162
           -0.272989  0.591039  0.000000
  -87.748  -53.879  -53.875  -53.850  -17.669  -17.597   -8.047   -7.579   -7.355   -6.241
   -5.716   -5.646   -1.863   -1.491   -1.476   -0.363   -0.201    5.230    6.334    6.428
    7.160    7.345    7.692    7.903    8.483    8.688    8.848    8.877    9.438    9.650
    9.772   10.144
           -0.279814  0.591039  0.000000
  -87.748  -53.878  -53.875  -53.850  -17.664  -17.598   -8.022   -7.578   -7.392   -6.245
   -5.717   -5.648   -1.861   -1.488   -1.474   -0.360   -0.212    5.254    6.379    6.425
    7.193    7.371    7.647    7.889    8.537    8.721    8.889    8.917    9.477    9.667
    9.727   10.092
           -0.286639  0.591039  0.000000
  -87.748  -53.878  -53.876  -53.850  -17.660  -17.599   -7.998   -7.579   -7.428   -6.248
   -5.717   -5.650   -1.860   -1.485   -1.473   -0.357   -0.222    5.275    6.421    6.426
    7.223    7.385    7.614    7.873    8.592    8.755    8.929    8.958    9.512    9.682
    9.687   10.018
           -0.293464  0.591039  0.000000
  -87.748  -53.878  -53.876  -53.850  -17.655  -17.601   -7.974   -7.579   -7.461   -6.251
   -5.716   -5.653   -1.859   -1.482   -1.471   -0.352   -0.233    5.293    6.430    6.459
    7.251    7.382    7.599    7.857    8.647    8.790    8.970    8.999    9.534    9.663
    9.690    9.941
           -0.300288  0.591039  0.000000
  -87.748  -53.878  -53.876  -53.850  -17.650  -17.603   -7.951   -7.580   -7.492   -6.253
   -5.715   -5.657   -1.859   -1.480   -1.470   -0.347   -0.243    5.308    6.437    6.493
    7.277    7.360    7.603    7.840    8.701    8.826    9.010    9.039    9.525    9.669
    9.681    9.877
           -0.307113  0.591039  0.000000
  -87.748  -53.878  -53.876  -53.850  -17.645  -17.605   -7.929   -7.581   -7.520   -6.256
   -5.713   -5.661   -1.859   -1.477   -1.469   -0.341   -0.253    5.320    6.447    6.522
    7.299    7.330    7.619    7.822    8.756    8.862    9.050    9.078    9.493    9.640
    9.700    9.846
           -0.313938  0.591039  0.000000
  -87.748  -53.878  -53.876  -53.850  -17.641  -17.608   -7.909   -7.582   -7.545   -6.258
   -5.710   -5.665   -1.859   -1.475   -1.468   -0.334   -0.263    5.329    6.460    6.544
    7.298    7.317    7.640    7.804    8.809    8.898    9.087    9.115    9.453    9.571
    9.740    9.844
           -0.320763  0.591039  0.000000
  -87.748  -53.878  -53.877  -53.850  -17.636  -17.611   -7.892   -7.583   -7.565   -6.259
   -5.706   -5.670   -1.859   -1.473   -1.468   -0.327   -0.273    5.336    6.476    6.557
    7.270    7.331    7.663    7.786    8.860    8.932    9.122    9.149    9.413    9.495
    9.781    9.853
           -0.327587  0.591039  0.000000
  -87.748  -53.877  -53.877  -53.850  -17.631  -17.614   -7.879   -7.585   -7.580   -6.260
   -5.701   -5.676   -1.859   -1.472   -1.468   -0.319   -0.283    5.341    6.494    6.561
    7.248    7.341    7.686    7.768    8.908    8.961    9.150    9.177    9.377    9.423
    9.821    9.863
           -0.334412  0.591039  0.000000
  -87.748  -53.877  -53.877  -53.850  -17.627  -17.618   -7.870   -7.588   -7.587   -6.261
   -5.695   -5.682   -1.859   -1.470   -1.468   -0.311   -0.292    5.344    6.514    6.553
    7.235    7.347    7.708    7.749    8.949    8.980    9.166    9.194    9.354    9.370
    9.854    9.869
           -0.341237  0.591039  0.000000
  -87.748  -53.877  -53.877  -53.850  -17.622  -17.622   -7.867   -7.589   -7.589   -6.261
   -5.689   -5.689   -1.859   -1.469   -1.469   -0.302   -0.302    5.344    6.536    6.536
    7.231    7.349    7.729    7.729    8.977    8.977    9.169    9.197    9.349    9.349
    9.869    9.869
           -0.334412  0.579219  0.000000
  -87.748  -53.877  -53.877  -53.850  -17.632  -17.614   -7.877   -7.595   -7.571   -6.260
   -5.704   -5.673   -1.858   -1.472   -1.467   -0.320   -0.282    5.341    6.473    6.584
    7.245    7.342    7.685    7.768    8.880    8.956    9.180    9.219    9.376    9.379
    9.845    9.860
           -0.327587  0.567398  0.000000
  -87.748  -53.878  -53.876  -53.850  -17.644  -17.605   -7.900   -7.601   -7.534   -6.257
   -5.721   -5.653   -1.858   -1.477   -1.467   -0.337   -0.262    5.334    6.384    6.637
    7.276    7.321    7.633    7.805    8.721    8.844    9.192    9.292    9.401    9.446
    9.823    9.866
           -0.320763  0.555577  0.000000
  -87.748  -53.878  -53.876  -53.850  -17.657  -17.597   -7.928   -7.607   -7.485   -6.252
   -5.741   -5.631   -1.857   -1.483   -1.467   -0.352   -0.241    5.323    6.281    6.692
    7.289    7.310    7.573    7.842    8.547    8.698    9.178    9.374    9.404    9.532
    9.829    9.901
           -0.313938  0.543756  0.000000
  -87.748  -53.878  -53.876  -53.850  -17.672  -17.590   -7.955   -7.614   -7.430   -6.245
   -5.764   -5.604   -1.855   -1.490   -1.468   -0.367   -0.219    5.311    6.171    6.747
    7.242    7.337    7.511    7.883    8.370    8.538    9.141    9.370    9.461    9.631
    9.857    9.956
           -0.307113  0.531935  0.000000
  -87.748  -53.878  -53.875  -53.850  -17.689  -17.583   -7.978   -7.621   -7.372   -6.235
   -5.789   -5.575   -1.852   -1.498   -1.470   -0.381   -0.198    5.297    6.059    6.797
    7.178    7.352    7.457    7.929    8.194    8.373    9.091    9.314    9.533    9.735
    9.898   10.019
           -0.300288  0.520115  0.000000
  -87.748  -53.878  -53.875  -53.850  -17.708  -17.576   -7.997   -7.628   -7.313   -6.223
   -5.816   -5.543   -1.849   -1.507   -1.473   -0.394   -0.178    5.282    5.948    6.834
    7.100    7.355    7.419    7.973    8.022    8.214    9.033    9.234    9.588    9.834
    9.953   10.080
           -0.293464  0.508294  0.000000
  -87.748  -53.879  -53.875  -53.850  -17.729  -17.571   -8.011   -7.634   -7.253   -6.208
   -5.845   -5.507   -1.845   -1.516   -1.477   -0.406   -0.160    5.267    5.838    6.835
    7.032    7.347    7.396    7.857    7.964    8.110    8.970    9.134    9.622    9.903
   10.024   10.147
           -0.286639  0.496473  0.000000
  -87.748  -53.879  -53.874  -53.850  -17.752  -17.566   -8.019   -7.639   -7.193   -6.191
   -5.876   -5.470   -1.841   -1.525   -1.482   -0.417   -0.143    5.252    5.731    6.766
    7.012    7.332    7.376    7.708    7.835    8.124    8.901    9.021    9.640    9.915
   10.111   10.241
           -0.279814  0.484652  0.000000
  -87.748  -53.879  -53.874  -53.850  -17.777  -17.561   -8.020   -7.643   -7.134   -6.171
   -5.909   -5.430   -1.836   -1.533   -1.488   -0.427   -0.128    5.237    5.628    6.651
    7.022    7.313    7.332    7.604    7.678    8.159    8.827    8.902    9.650    9.880
   10.209   10.364
           -0.272989  0.472832  0.000000
  -87.748  -53.879  -53.874  -53.850  -17.804  -17.557   -8.016   -7.646   -7.075   -6.148
   -5.944   -5.387   -1.832   -1.539   -1.494   -0.436   -0.117    5.222    5.528    6.520
    7.035    7.232    7.292    7.520    7.574    8.180    8.749    8.782    9.660    9.818
   10.310   10.502
           -0.266165  0.461011  0.000000
  -87.748  -53.879  -53.873  -53.850  -17.832  -17.555   -8.006   -7.647   -7.018   -6.123
   -5.980   -5.344   -1.829   -1.543   -1.502   -0.444   -0.108    5.206    5.432    6.383
    7.023    7.119    7.271    7.367    7.591    8.176    8.669    8.669    9.677    9.746
   10.407   10.649
           -0.259340  0.449190  0.000000
  -87.748  -53.879  -53.873  -53.850  -17.862  -17.552   -7.990   -7.646   -6.962   -6.095
   -6.018   -5.298   -1.826   -1.545   -1.510   -0.452   -0.104    5.189    5.340    6.246
    6.911    7.095    7.206    7.265    7.623    8.139    8.569    8.591    9.668    9.705
   10.485   10.803
           -0.252515  0.437369  0.000000
  -87.748  -53.879  -53.873  -53.850  -17.894  -17.551   -7.968   -7.643   -6.908   -6.064
   -6.055   -5.252   -1.825   -1.544   -1.520   -0.458   -0.102    5.170    5.251    6.113
    6.761    7.065    7.106    7.247    7.655    8.067    8.485    8.519    9.591    9.743
   10.530   10.961
           -0.245690  0.425548  0.000000
  -87.748  -53.878  -53.873  -53.850  -17.927  -17.550   -7.941   -7.638   -6.856   -6.093
   -6.031   -5.204   -1.825   -1.540   -1.530   -0.464   -0.105    5.148    5.165    5.984
    6.609    6.926    7.122    7.238    7.677    7.967    8.412    8.462    9.515    9.788
   10.540   11.118
           -0.238866  0.413728  0.000000
  -87.748  -53.878  -53.872  -53.850  -17.962  -17.551   -7.910   -7.631   -6.807   -6.131
   -5.995   -5.156   -1.827   -1.540   -1.533   -0.469   -0.112    5.082    5.120    5.864
    6.458    6.792    7.140    7.234    7.681    7.850    8.343    8.425    9.442    9.832
   10.527   11.255
           -0.232041  0.401907  0.000000
  -87.748  -53.878  -53.872  -53.850  -17.998  -17.551   -7.873   -7.621   -6.760   -6.167
   -5.957   -5.107   -1.830   -1.552   -1.523   -0.473   -0.122    5.002    5.083    5.756
    6.310    6.663    7.158    7.237    7.661    7.723    8.275    8.413    9.375    9.864
   10.514   11.288
           -0.225216  0.390086  0.000000
  -87.748  -53.878  -53.872  -53.850  -18.035  -17.553   -7.833   -7.608   -6.716   -6.202
   -5.916   -5.058   -1.834   -1.564   -1.511   -0.476   -0.136    4.923    5.035    5.664
    6.166    6.541    7.172    7.246    7.592    7.624    8.205    8.423    9.315    9.871
   10.518   11.216
           -0.218392  0.378265  0.000000
  -87.748  -53.878  -53.871  -53.850  -18.073  -17.556   -7.790   -7.593   -6.675   -6.235
   -5.873   -5.010   -1.839   -1.577   -1.496   -0.478   -0.153    4.846    4.973    5.589
    6.027    6.425    7.175    7.260    7.459    7.579    8.136    8.447    9.266    9.847
   10.547   11.116
           -0.211567  0.366444  0.000000
  -87.748  -53.877  -53.871  -53.850  -18.112  -17.559   -7.744   -7.575   -6.637   -6.264
   -5.828   -4.962   -1.845   -1.591   -1.481   -0.478   -0.173    4.770    4.896    5.531
    5.895    6.315    7.158    7.277    7.330    7.543    8.069    8.476    9.231    9.797
   10.595   11.010
           -0.204742  0.354624  0.000000
  -87.748  -53.877  -53.871  -53.850  -18.152  -17.563   -7.698   -7.553   -6.602   -6.288
   -5.780   -4.915   -1.850   -1.605   -1.464   -0.477   -0.196    4.694    4.806    5.485
    5.774    6.210    7.112    7.186    7.312    7.527    8.005    8.500    9.215    9.729
   10.650   10.903
           -0.197917  0.342803  0.000000
  -87.748  -53.877  -53.871  -53.850  -18.192  -17.567   -7.652   -7.530   -6.570   -6.308
   -5.731   -4.870   -1.856   -1.621   -1.448   -0.474   -0.221    4.618    4.708    5.437
    5.672    6.111    7.041    7.053    7.341    7.532    7.947    8.515    9.221    9.650
   10.700   10.796
           -0.191093  0.330982  0.000000
  -87.748  -53.876  -53.870  -53.851  -18.232  -17.572   -7.608   -7.503   -6.539   -6.321
   -5.679   -4.826   -1.861   -1.636   -1.432   -0.469   -0.247    4.542    4.604    5.371
    5.604    6.017    6.920    6.952    7.373    7.547    7.898    8.521    9.249    9.564
   10.692   10.731
           -0.184268  0.319161  0.000000
  -87.748  -53.876  -53.870  -53.851  -18.273  -17.578   -7.568   -7.473   -6.508   -6.329
   -5.626   -4.784   -1.866   -1.653   -1.416   -0.462   -0.275    4.466    4.498    5.279
    5.574    5.927    6.786    6.853    7.405    7.566    7.861    8.520    9.295    9.475
   10.590   10.734
           -0.177443  0.307341  0.000000
  -87.748  -53.876  -53.870  -53.851  -18.314  -17.584   -7.533   -7.441   -6.475   -6.330
   -5.571   -4.744   -1.871   -1.670   -1.403   -0.453   -0.302    4.390    4.391    5.174
    5.568    5.842    6.653    6.749    7.432    7.580    7.840    8.522    9.355    9.383
   10.492   10.706
           -0.170618  0.295520  0.000000
  -87.748  -53.875  -53.869  -53.851  -18.354  -17.590   -7.505   -7.406   -6.439   -6.327
   -5.515   -4.707   -1.876   -1.687   -1.391   -0.442   -0.328    4.284    4.314    5.066
    5.576    5.760    6.520    6.642    7.450    7.584    7.840    8.532    9.290    9.424
   10.396   10.650
           -0.163794  0.283699  0.000000
  -87.748  -53.875  -53.869  -53.851  -18.394  -17.597   -7.485   -7.369   -6.398   -6.317
   -5.457   -4.674   -1.881   -1.705   -1.381   -0.428   -0.354    4.178    4.238    4.957
    5.592    5.681    6.387    6.537    7.456    7.574    7.861    8.556    9.194    9.497
   10.304   10.575
           -0.156969  0.271878  0.000000
  -87.748  -53.874  -53.869  -53.851  -18.434  -17.605   -7.474   -7.329   -6.360   -6.294
   -5.399   -4.643   -1.886   -1.724   -1.373   -0.412   -0.377    4.074    4.163    4.850
    5.605    5.612    6.254    6.433    7.453    7.550    7.902    8.597    9.095    9.570
   10.216   10.492
           -0.150144  0.260057  0.000000
  -87.748  -53.874  -53.869  -53.851  -18.473  -17.612   -7.471   -7.286   -6.337   -6.246
   -5.339   -4.617   -1.890   -1.744   -1.368   -0.397   -0.393    3.972    4.089    4.746
    5.531    5.634    6.121    6.333    7.444    7.512    7.957    8.655    8.992    9.642
   10.132   10.411
           -0.143319  0.248237  0.000000
  -87.748  -53.873  -53.869  -53.851  -18.512  -17.620   -7.475   -7.241   -6.325   -6.177
   -5.279   -4.595   -1.895   -1.764   -1.366   -0.414   -0.373    3.873    4.016    4.645
    5.459    5.654    5.988    6.242    7.431    7.463    8.022    8.727    8.885    9.708
   10.051   10.340
           -0.136495  0.236416  0.000000
  -87.748  -53.873  -53.868  -53.851  -18.550  -17.628   -7.485   -7.194   -6.317   -6.096
   -5.218   -4.577   -1.900   -1.785   -1.366   -0.427   -0.350    3.777    3.945    4.548
    5.390    5.666    5.855    6.164    7.406    7.418    8.093    8.772    8.812    9.768
    9.975   10.284
           -0.129670  0.224595  0.000000
  -87.748  -53.872  -53.868  -53.851  -18.586  -17.636   -7.500   -7.146   -6.312   -6.006
   -5.158   -4.564   -1.906   -1.806   -1.368   -0.435   -0.327    3.683    3.875    4.454
    5.321    5.662    5.724    6.108    7.344    7.404    8.166    8.657    8.907    9.818
    9.903   10.248
           -0.122845  0.212774  0.000000
  -87.749  -53.872  -53.868  -53.851  -18.622  -17.644   -7.519   -7.095   -6.308   -5.909
   -5.097   -4.555   -1.912   -1.829   -1.373   -0.438   -0.302    3.592    3.808    4.364
    5.255    5.593    5.633    6.081    7.280    7.390    8.238    8.542    9.010    9.831
    9.865   10.232
           -0.116021  0.200953  0.000000
  -87.749  -53.871  -53.868  -53.851  -18.656  -17.653   -7.541   -7.043   -6.305   -5.807
   -5.038   -4.551   -1.919   -1.851   -1.380   -0.436   -0.277    3.504    3.742    4.277
    5.189    5.464    5.580    6.085    7.215    7.377    8.286    8.451    9.116    9.772
    9.892   10.236
           -0.109196  0.189133  0.000000
  -87.749  -53.871  -53.868  -53.852  -18.689  -17.661   -7.564   -6.989   -6.304   -5.700
   -4.978   -4.552   -1.927   -1.874   -1.389   -0.428   -0.251    3.419    3.680    4.195
    5.122    5.339    5.510    6.109    7.151    7.362    8.236    8.460    9.222    9.721
    9.911   10.259
           -0.102371  0.177312  0.000000
  -87.749  -53.870  -53.868  -53.852  -18.720  -17.668   -7.588   -6.935   -6.303   -5.591
   -4.920   -4.558   -1.935   -1.898   -1.399   -0.415   -0.225    3.338    3.620    4.117
    5.050    5.223    5.432    6.147    7.091    7.348    8.127    8.531    9.318    9.686
    9.921   10.297
           -0.095546  0.165491  0.000000
  -87.749  -53.870  -53.867  -53.852  -18.750  -17.676   -7.613   -6.880   -6.304   -5.480
   -4.864   -4.568   -1.945   -1.922   -1.411   -0.396   -0.200    3.259    3.563    4.042
    4.967    5.122    5.351    6.190    7.035    7.332    8.009    8.614    9.385    9.684
    9.924   10.347
           -0.088722  0.153670  0.000000
  -87.749  -53.870  -53.867  -53.852  -18.779  -17.683   -7.637   -6.824   -6.305   -5.368
   -4.809   -4.581   -1.956   -1.945   -1.423   -0.373   -0.175    3.184    3.510    3.973
    4.869    5.042    5.270    6.236    6.986    7.317    7.894    8.702    9.402    9.730
    9.928   10.405
           -0.081897  0.141849  0.000000
  -87.749  -53.869  -53.867  -53.852  -18.805  -17.690   -7.661   -6.769   -6.306   -5.257
   -4.757   -4.599   -1.969   -1.968   -1.437   -0.345   -0.152    3.112    3.460    3.907
    4.759    4.979    5.191    6.280    6.947    7.301    7.783    8.793    9.384    9.791
    9.951   10.464
           -0.075072  0.130029  0.000000
  -87.749  -53.869  -53.867  -53.852  -18.830  -17.697   -7.684   -6.714   -6.308   -5.147
   -4.710   -4.617   -1.991   -1.983   -1.450   -0.313   -0.130    3.044    3.413    3.846
    4.645    4.926    5.116    6.318    6.918    7.284    7.678    8.887    9.352    9.817
   10.023   10.519
           -0.068247  0.118208  0.000000
  -87.749  -53.868  -53.867  -53.852  -18.852  -17.703   -7.705   -6.660   -6.311   -5.039
   -4.675   -4.629   -2.013   -1.998   -1.464   -0.278   -0.110    2.980    3.370    3.790
    4.532    4.881    5.045    6.347    6.903    7.268    7.581    8.982    9.316    9.812
   10.130   10.562
           -0.061423  0.106387  0.000000
  -87.749  -53.868  -53.867  -53.852  -18.873  -17.709   -7.726   -6.608   -6.313   -4.936
   -4.681   -4.604   -2.034   -2.014   -1.477   -0.241   -0.091    2.920    3.330    3.739
    4.424    4.841    4.980    6.366    6.902    7.252    7.492    9.077    9.280    9.798
   10.246   10.590
           -0.054598  0.094566  0.000000
  -87.749  -53.868  -53.867  -53.852  -18.892  -17.715   -7.744   -6.557   -6.316   -4.838
   -4.705   -4.566   -2.054   -2.032   -1.490   -0.204   -0.074    2.865    3.294    3.692
    4.320    4.805    4.921    6.375    6.914    7.235    7.413    9.173    9.246    9.780
   10.364   10.601
           -0.047773  0.082746  0.000000
  -87.749  -53.867  -53.867  -53.852  -18.909  -17.719   -7.761   -6.510   -6.318   -4.746
   -4.731   -4.530   -2.072   -2.050   -1.502   -0.166   -0.059    2.815    3.262    3.651
    4.225    4.774    4.868    6.374    6.937    7.219    7.343    9.214    9.267    9.762
   10.476   10.597
           -0.040948  0.070925  0.000000
  -87.749  -53.867  -53.867  -53.852  -18.923  -17.723   -7.775   -6.466   -6.321   -4.757
   -4.662   -4.498   -2.088   -2.068   -1.512   -0.130   -0.046    2.771    3.234    3.615
    4.138    4.746    4.821    6.368    6.965    7.202    7.285    9.186    9.358    9.744
   10.582   10.582
           -0.034124  0.059104  0.000000
  -87.749  -53.867  -53.867  -53.852  -18.936  -17.727   -7.788   -6.427   -6.323   -4.782
   -4.587   -4.470   -2.102   -2.086   -1.521   -0.097   -0.035    2.732    3.210    3.585
    4.062    4.724    4.782    6.358    6.996    7.180    7.243    9.162    9.444    9.729
   10.558   10.676
           -0.027299  0.047283  0.000000
  -87.749  -53.867  -53.866  -53.852  -18.946  -17.730   -7.798   -6.393   -6.325   -4.805
   -4.523   -4.446   -2.114   -2.102   -1.529   -0.067   -0.026    2.700    3.190    3.560
    3.997    4.705    4.749    6.349    7.025    7.152    7.217    9.142    9.523    9.716
   10.530   10.757
           -0.020474  0.035462  0.000000
  -87.749  -53.867  -53.866  -53.852  -18.954  -17.732   -7.806   -6.365   -6.326   -4.824
   -4.472   -4.428   -2.123   -2.116   -1.535   -0.043   -0.019    2.675    3.175    3.540
    3.945    4.690    4.724    6.340    7.050    7.125    7.203    9.126    9.591    9.706
   10.502   10.822
           -0.013649  0.023642  0.000000
  -87.749  -53.866  -53.866  -53.852  -18.959  -17.734   -7.812   -6.345   -6.327   -4.838
   -4.434   -4.414   -2.130   -2.126   -1.540   -0.025   -0.014    2.656    3.163    3.526
    3.907    4.680    4.705    6.333    7.070    7.104    7.195    9.114    9.645    9.698
   10.476   10.870
           -0.006825  0.011821  0.000000
  -87.749  -53.866  -53.866  -53.852  -18.963  -17.735   -7.816   -6.332   -6.328   -4.847
   -4.411   -4.406   -2.134   -2.133   -1.542   -0.014   -0.011    2.645    3.157    3.518
    3.884    4.673    4.694    6.328    7.082    7.091    7.190    9.107    9.680    9.694
   10.459   10.899
            0.000000  0.000000  0.000000
  -87.749  -53.866  -53.866  -53.852  -18.964  -17.735   -7.817   -6.328   -6.328   -4.850
   -4.403   -4.403   -2.135   -2.135   -1.543   -0.010   -0.010    2.641    3.154    3.515
    3.877    4.671    4.691    6.327    7.086    7.086    7.189    9.104    9.692    9.692
   10.453   10.909
